date,time,flow
2022-03-01,0,0
2022-03-01,1,0
2022-03-01,2,0
2022-03-01,3,0
2022-03-01,4,0
2022-03-01,5,1
2022-03-01,6,3
2022-03-01,7,7
2022-03-01,8,40
2022-03-01,9,26
2022-03-01,10,7
2022-03-01,11,17
2022-03-01,12,12
2022-03-01,13,8
2022-03-01,14,10
2022-03-01,15,21
2022-03-01,16,19
2022-03-01,17,29
2022-03-01,18,15
2022-03-01,19,11
2022-03-01,20,7
2022-03-01,21,5
2022-03-01,22,4
2022-03-01,23,3
2022-03-02,0,1
2022-03-02,1,0
2022-03-02,2,0
2022-03-02,3,0
2022-03-02,4,1
2022-03-02,5,0
2022-03-02,6,2
2022-03-02,7,4
2022-03-02,8,17
2022-03-02,9,18
2022-03-02,10,12
2022-03-02,11,17
2022-03-02,12,14
2022-03-02,13,13
2022-03-02,14,14
2022-03-02,15,23
2022-03-02,16,18
2022-03-02,17,23
2022-03-02,18,19
2022-03-02,19,13
2022-03-02,20,12
2022-03-02,21,16
2022-03-02,22,21
2022-03-02,23,12
2022-03-03,0,0
2022-03-03,1,0
2022-03-03,2,0
2022-03-03,3,1
2022-03-03,4,1
2022-03-03,5,0
2022-03-03,6,2
2022-03-03,7,4
2022-03-03,8,12
2022-03-03,9,28
2022-03-03,10,12
2022-03-03,11,13
2022-03-03,12,21
2022-03-03,13,10
2022-03-03,14,8
2022-03-03,15,21
2022-03-03,16,27
2022-03-03,17,22
2022-03-03,18,10
2022-03-03,19,11
2022-03-03,20,6
2022-03-03,21,10
2022-03-03,22,8
2022-03-03,23,4
2022-03-04,0,4
2022-03-04,1,0
2022-03-04,2,8
2022-03-04,3,0
2022-03-04,4,8
2022-03-04,5,3
2022-03-04,6,4
2022-03-04,7,5
2022-03-04,8,21
2022-03-04,9,32
2022-03-04,10,18
2022-03-04,11,15
2022-03-04,12,22
2022-03-04,13,15
2022-03-04,14,20
2022-03-04,15,27
2022-03-04,16,19
2022-03-04,17,16
2022-03-04,18,11
2022-03-04,19,15
2022-03-04,20,14
2022-03-04,21,6
2022-03-04,22,6
2022-03-04,23,9
2022-03-05,0,4
2022-03-05,1,2
2022-03-05,2,9
2022-03-05,3,4
2022-03-05,4,0
2022-03-05,5,4
2022-03-05,6,0
2022-03-05,7,12
2022-03-05,8,21
2022-03-05,9,26
2022-03-05,10,25
2022-03-05,11,21
2022-03-05,12,36
2022-03-05,13,21
2022-03-05,14,30
2022-03-05,15,26
2022-03-05,16,21
2022-03-05,17,31
2022-03-05,18,26
2022-03-05,19,8
2022-03-05,20,6
2022-03-05,21,8
2022-03-05,22,6
2022-03-05,23,5
2022-03-06,0,7
2022-03-06,1,4
2022-03-06,2,19
2022-03-06,3,1
2022-03-06,4,1
2022-03-06,5,1
2022-03-06,6,1
2022-03-06,7,4
2022-03-06,8,1
2022-03-06,9,6
2022-03-06,10,5
2022-03-06,11,6
2022-03-06,12,9
2022-03-06,13,4
2022-03-06,14,7
2022-03-06,15,11
2022-03-06,16,10
2022-03-06,17,9
2022-03-06,18,9
2022-03-06,19,11
2022-03-06,20,4
2022-03-06,21,10
2022-03-06,22,17
2022-03-06,23,12
2022-03-07,0,0
2022-03-07,1,13
2022-03-07,2,9
2022-03-07,3,0
2022-03-07,4,4
2022-03-07,5,4
2022-03-07,6,6
2022-03-07,7,7
2022-03-07,8,22
2022-03-07,9,26
2022-03-07,10,14
2022-03-07,11,7
2022-03-07,12,11
2022-03-07,13,10
2022-03-07,14,7
2022-03-07,15,21
2022-03-07,16,24
2022-03-07,17,19
2022-03-07,18,13
2022-03-07,19,9
2022-03-07,20,4
2022-03-07,21,8
2022-03-07,22,12
2022-03-07,23,16
2022-03-08,0,2
2022-03-08,1,0
2022-03-08,2,4
2022-03-08,3,0
2022-03-08,4,4
2022-03-08,5,4
2022-03-08,6,5
2022-03-08,7,7
2022-03-08,8,19
2022-03-08,9,22
2022-03-08,10,11
2022-03-08,11,15
2022-03-08,12,16
2022-03-08,13,16
2022-03-08,14,12
2022-03-08,15,22
2022-03-08,16,26
2022-03-08,17,24
2022-03-08,18,18
2022-03-08,19,14
2022-03-08,20,14
2022-03-08,21,2
2022-03-08,22,3
2022-03-08,23,12
2022-03-09,0,0
2022-03-09,1,4
2022-03-09,2,12
2022-03-09,3,4
2022-03-09,4,14
2022-03-09,5,4
2022-03-09,6,2
2022-03-09,7,6
2022-03-09,8,19
2022-03-09,9,32
2022-03-09,10,10
2022-03-09,11,12
2022-03-09,12,11
2022-03-09,13,10
2022-03-09,14,10
2022-03-09,15,37
2022-03-09,16,20
2022-03-09,17,19
2022-03-09,18,42
2022-03-09,19,14
2022-03-09,20,4
2022-03-09,21,5
2022-03-09,22,10
2022-03-09,23,5
2022-03-10,0,2
2022-03-10,1,0
2022-03-10,2,2
2022-03-10,3,0
2022-03-10,4,1
2022-03-10,5,0
2022-03-10,6,3
2022-03-10,7,4
2022-03-10,8,24
2022-03-10,9,25
2022-03-10,10,14
2022-03-10,11,8
2022-03-10,12,14
2022-03-10,13,7
2022-03-10,14,11
2022-03-10,15,24
2022-03-10,16,22
2022-03-10,17,18
2022-03-10,18,9
2022-03-10,19,16
2022-03-10,20,7
2022-03-10,21,12
2022-03-10,22,5
2022-03-10,23,5
2022-03-11,0,0
2022-03-11,1,0
2022-03-11,2,0
2022-03-11,3,0
2022-03-11,4,1
2022-03-11,5,0
2022-03-11,6,1
2022-03-11,7,7
2022-03-11,8,16
2022-03-11,9,26
2022-03-11,10,9
2022-03-11,11,12
2022-03-11,12,13
2022-03-11,13,13
2022-03-11,14,11
2022-03-11,15,37
2022-03-11,16,20
2022-03-11,17,20
2022-03-11,18,11
2022-03-11,19,12
2022-03-11,20,11
2022-03-11,21,4
2022-03-11,22,7
2022-03-11,23,6
2022-03-12,0,3
2022-03-12,1,4
2022-03-12,2,0
2022-03-12,3,0
2022-03-12,4,1
2022-03-12,5,1
2022-03-12,6,0
2022-03-12,7,16
2022-03-12,8,16
2022-03-12,9,26
2022-03-12,10,35
2022-03-12,11,8
2022-03-12,12,13
2022-03-12,13,17
2022-03-12,14,12
2022-03-12,15,8
2022-03-12,16,9
2022-03-12,17,5
2022-03-12,18,15
2022-03-12,19,15
2022-03-12,20,21
2022-03-12,21,8
2022-03-12,22,6
2022-03-12,23,1
2022-03-13,0,5
2022-03-13,1,8
2022-03-13,2,27
2022-03-13,3,1
2022-03-13,4,0
2022-03-13,5,0
2022-03-13,6,7
2022-03-13,7,4
2022-03-13,8,8
2022-03-13,9,25
2022-03-13,10,30
2022-03-13,11,16
2022-03-13,12,35
2022-03-13,13,21
2022-03-13,14,21
2022-03-13,15,21
2022-03-13,16,21
2022-03-13,17,16
2022-03-13,18,21
2022-03-13,19,16
2022-03-13,20,16
2022-03-13,21,16
2022-03-13,22,13
2022-03-13,23,21
2022-03-14,0,0
2022-03-14,1,0
2022-03-14,2,4
2022-03-14,3,0
2022-03-14,4,1
2022-03-14,5,0
2022-03-14,6,4
2022-03-14,7,12
2022-03-14,8,31
2022-03-14,9,25
2022-03-14,10,11
2022-03-14,11,9
2022-03-14,12,10
2022-03-14,13,10
2022-03-14,14,28
2022-03-14,15,32
2022-03-14,16,21
2022-03-14,17,35
2022-03-14,18,17
2022-03-14,19,12
2022-03-14,20,4
2022-03-14,21,7
2022-03-14,22,2
2022-03-14,23,1
2022-03-15,0,0
2022-03-15,1,0
2022-03-15,2,0
2022-03-15,3,2
2022-03-15,4,0
2022-03-15,5,0
2022-03-15,6,3
2022-03-15,7,6
2022-03-15,8,9
2022-03-15,9,29
2022-03-15,10,12
2022-03-15,11,10
2022-03-15,12,13
2022-03-15,13,14
2022-03-15,14,6
2022-03-15,15,29
2022-03-15,16,14
2022-03-15,17,21
2022-03-15,18,10
2022-03-15,19,10
2022-03-15,20,10
2022-03-15,21,4
2022-03-15,22,4
2022-03-15,23,1
2022-03-16,0,1
2022-03-16,1,4
2022-03-16,2,12
2022-03-16,3,1
2022-03-16,4,0
2022-03-16,5,0
2022-03-16,6,2
2022-03-16,7,7
2022-03-16,8,14
2022-03-16,9,14
2022-03-16,10,11
2022-03-16,11,16
2022-03-16,12,16
2022-03-16,13,39
2022-03-16,14,16
2022-03-16,15,27
2022-03-16,16,11
2022-03-16,17,12
2022-03-16,18,11
2022-03-16,19,7
2022-03-16,20,5
2022-03-16,21,7
2022-03-16,22,12
2022-03-16,23,8
2022-03-17,0,1
2022-03-17,1,4
2022-03-17,2,0
2022-03-17,3,0
2022-03-17,4,0
2022-03-17,5,0
2022-03-17,6,1
2022-03-17,7,13
2022-03-17,8,25
2022-03-17,9,29
2022-03-17,10,14
2022-03-17,11,10
2022-03-17,12,9
2022-03-17,13,19
2022-03-17,14,13
2022-03-17,15,32
2022-03-17,16,25
2022-03-17,17,23
2022-03-17,18,16
2022-03-17,19,7
2022-03-17,20,4
2022-03-17,21,4
2022-03-17,22,7
2022-03-17,23,3
2022-03-18,0,0
2022-03-18,1,0
2022-03-18,2,13
2022-03-18,3,0
2022-03-18,4,12
2022-03-18,5,2
2022-03-18,6,1
2022-03-18,7,7
2022-03-18,8,16
2022-03-18,9,15
2022-03-18,10,14
2022-03-18,11,13
2022-03-18,12,13
2022-03-18,13,20
2022-03-18,14,12
2022-03-18,15,27
2022-03-18,16,30
2022-03-18,17,19
2022-03-18,18,13
2022-03-18,19,10
2022-03-18,20,6
2022-03-18,21,5
2022-03-18,22,5
2022-03-18,23,4
2022-03-19,0,0
2022-03-19,1,2
2022-03-19,2,4
2022-03-19,3,0
2022-03-19,4,0
2022-03-19,5,8
2022-03-19,6,8
2022-03-19,7,16
2022-03-19,8,21
2022-03-19,9,26
2022-03-19,10,26
2022-03-19,11,16
2022-03-19,12,36
2022-03-19,13,16
2022-03-19,14,25
2022-03-19,15,16
2022-03-19,16,16
2022-03-19,17,26
2022-03-19,18,16
2022-03-19,19,21
2022-03-19,20,16
2022-03-19,21,16
2022-03-19,22,12
2022-03-19,23,5
2022-03-20,0,0
2022-03-20,1,0
2022-03-20,2,1
2022-03-20,3,2
2022-03-20,4,1
2022-03-20,5,1
2022-03-20,6,0
2022-03-20,7,1
2022-03-20,8,8
2022-03-20,9,25
2022-03-20,10,26
2022-03-20,11,21
2022-03-20,12,36
2022-03-20,13,16
2022-03-20,14,21
2022-03-20,15,21
2022-03-20,16,16
2022-03-20,17,16
2022-03-20,18,16
2022-03-20,19,16
2022-03-20,20,9
2022-03-20,21,4
2022-03-20,22,5
2022-03-20,23,1
2022-03-21,0,2
2022-03-21,1,0
2022-03-21,2,0
2022-03-21,3,2
2022-03-21,4,0
2022-03-21,5,0
2022-03-21,6,4
2022-03-21,7,5
2022-03-21,8,10
2022-03-21,9,20
2022-03-21,10,15
2022-03-21,11,13
2022-03-21,12,10
2022-03-21,13,16
2022-03-21,14,14
2022-03-21,15,23
2022-03-21,16,17
2022-03-21,17,12
2022-03-21,18,13
2022-03-21,19,12
2022-03-21,20,8
2022-03-21,21,5
2022-03-21,22,8
2022-03-21,23,16
2022-03-22,0,0
2022-03-22,1,0
2022-03-22,2,4
2022-03-22,3,0
2022-03-22,4,4
2022-03-22,5,4
2022-03-22,6,2
2022-03-22,7,9
2022-03-22,8,24
2022-03-22,9,28
2022-03-22,10,10
2022-03-22,11,6
2022-03-22,12,18
2022-03-22,13,8
2022-03-22,14,14
2022-03-22,15,32
2022-03-22,16,21
2022-03-22,17,17
2022-03-22,18,14
2022-03-22,19,10
2022-03-22,20,6
2022-03-22,21,13
2022-03-22,22,16
2022-03-22,23,9
2022-03-23,0,0
2022-03-23,1,8
2022-03-23,2,12
2022-03-23,3,4
2022-03-23,4,20
2022-03-23,5,0
2022-03-23,6,3
2022-03-23,7,16
2022-03-23,8,21
2022-03-23,9,20
2022-03-23,10,13
2022-03-23,11,11
2022-03-23,12,17
2022-03-23,13,7
2022-03-23,14,11
2022-03-23,15,22
2022-03-23,16,16
2022-03-23,17,14
2022-03-23,18,13
2022-03-23,19,6
2022-03-23,20,7
2022-03-23,21,5
2022-03-23,22,4
2022-03-23,23,1
2022-03-24,0,1
2022-03-24,1,4
2022-03-24,2,0
2022-03-24,3,4
2022-03-24,4,0
2022-03-24,5,1
2022-03-24,6,5
2022-03-24,7,3
2022-03-24,8,16
2022-03-24,9,27
2022-03-24,10,22
2022-03-24,11,20
2022-03-24,12,9
2022-03-24,13,20
2022-03-24,14,22
2022-03-24,15,26
2022-03-24,16,18
2022-03-24,17,15
2022-03-24,18,14
2022-03-24,19,5
2022-03-24,20,8
2022-03-24,21,12
2022-03-24,22,5
2022-03-24,23,4
2022-03-25,0,2
2022-03-25,1,1
2022-03-25,2,0
2022-03-25,3,0
2022-03-25,4,1
2022-03-25,5,0
2022-03-25,6,2
2022-03-25,7,7
2022-03-25,8,19
2022-03-25,9,27
2022-03-25,10,7
2022-03-25,11,16
2022-03-25,12,17
2022-03-25,13,16
2022-03-25,14,8
2022-03-25,15,24
2022-03-25,16,25
2022-03-25,17,21
2022-03-25,18,9
2022-03-25,19,5
2022-03-25,20,4
2022-03-25,21,7
2022-03-25,22,6
2022-03-25,23,5
2022-03-26,0,7
2022-03-26,1,1
2022-03-26,2,3
2022-03-26,3,0
2022-03-26,4,0
2022-03-26,5,1
2022-03-26,6,1
2022-03-26,7,12
2022-03-26,8,16
2022-03-26,9,26
2022-03-26,10,26
2022-03-26,11,16
2022-03-26,12,31
2022-03-26,13,16
2022-03-26,14,25
2022-03-26,15,16
2022-03-26,16,16
2022-03-26,17,10
2022-03-26,18,13
2022-03-26,19,14
2022-03-26,20,14
2022-03-26,21,2
2022-03-26,22,9
2022-03-26,23,10
2022-03-27,0,5
2022-03-27,1,2
2022-03-27,2,0
2022-03-27,3,14
2022-03-27,4,1
2022-03-27,5,0
2022-03-27,6,4
2022-03-27,7,8
2022-03-27,8,25
2022-03-27,9,30
2022-03-27,10,16
2022-03-27,11,35
2022-03-27,12,16
2022-03-27,13,21
2022-03-27,14,16
2022-03-27,15,16
2022-03-27,16,16
2022-03-27,17,21
2022-03-27,18,16
2022-03-27,19,16
2022-03-27,20,16
2022-03-27,21,21
2022-03-27,22,12
2022-03-27,23,4
2022-03-28,0,27
2022-03-28,1,13
2022-03-28,2,4
2022-03-28,3,0
2022-03-28,4,4
2022-03-28,5,8
2022-03-28,6,16
2022-03-28,7,21
2022-03-28,8,20
2022-03-28,9,6
2022-03-28,10,8
2022-03-28,11,13
2022-03-28,12,11
2022-03-28,13,20
2022-03-28,14,19
2022-03-28,15,22
2022-03-28,16,22
2022-03-28,17,5
2022-03-28,18,14
2022-03-28,19,3
2022-03-28,20,9
2022-03-28,21,2
2022-03-28,22,8
2022-03-28,23,1
2022-03-29,0,0
2022-03-29,1,4
2022-03-29,2,0
2022-03-29,3,8
2022-03-29,4,2
2022-03-29,5,15
2022-03-29,6,8
2022-03-29,7,26
2022-03-29,8,22
2022-03-29,9,16
2022-03-29,10,9
2022-03-29,11,6
2022-03-29,12,4
2022-03-29,13,8
2022-03-29,14,32
2022-03-29,15,17
2022-03-29,16,22
2022-03-29,17,15
2022-03-29,18,7
2022-03-29,19,9
2022-03-29,20,7
2022-03-29,21,9
2022-03-29,22,4
2022-03-29,23,0
2022-03-30,0,0
2022-03-30,1,1
2022-03-30,2,1
2022-03-30,3,0
2022-03-30,4,0
2022-03-30,5,2
2022-03-30,6,4
2022-03-30,7,22
2022-03-30,8,24
2022-03-30,9,7
2022-03-30,10,22
2022-03-30,11,8
2022-03-30,12,12
2022-03-30,13,6
2022-03-30,14,24
2022-03-30,15,30
2022-03-30,16,25
2022-03-30,17,31
2022-03-30,18,9
2022-03-30,19,5
2022-03-30,20,5
2022-03-30,21,7
2022-03-30,22,5
2022-03-30,23,1
2022-03-31,0,0
2022-03-31,1,0
2022-03-31,2,0
2022-03-31,3,0
2022-03-31,4,0
2022-03-31,5,4
2022-03-31,6,5
2022-03-31,7,21
2022-03-31,8,38
2022-03-31,9,13
2022-03-31,10,16
2022-03-31,11,15
2022-03-31,12,15
2022-03-31,13,17
2022-03-31,14,28
2022-03-31,15,20
2022-03-31,16,23
2022-03-31,17,8
2022-03-31,18,19
2022-03-31,19,13
2022-03-31,20,16
2022-03-31,21,16
2022-03-31,22,11
2022-03-31,23,3
2022-04-01,0,1
2022-04-01,1,2
2022-04-01,2,0
2022-04-01,3,1
2022-04-01,4,0
2022-04-01,5,0
2022-04-01,6,2
2022-04-01,7,9
2022-04-01,8,25
2022-04-01,9,8
2022-04-01,10,18
2022-04-01,11,6
2022-04-01,12,16
2022-04-01,13,24
2022-04-01,14,26
2022-04-01,15,21
2022-04-01,16,14
2022-04-01,17,17
2022-04-01,18,10
2022-04-01,19,9
2022-04-01,20,5
2022-04-01,21,5
2022-04-01,22,6
2022-04-01,23,1
2022-04-02,0,0
2022-04-02,1,2
2022-04-02,2,0
2022-04-02,3,0
2022-04-02,4,0
2022-04-02,5,0
2022-04-02,6,12
2022-04-02,7,16
2022-04-02,8,26
2022-04-02,9,26
2022-04-02,10,16
2022-04-02,11,26
2022-04-02,12,16
2022-04-02,13,21
2022-04-02,14,16
2022-04-02,15,16
2022-04-02,16,14
2022-04-02,17,8
2022-04-02,18,23
2022-04-02,19,5
2022-04-02,20,8
2022-04-02,21,8
2022-04-02,22,10
2022-04-02,23,2
2022-04-03,0,8
2022-04-03,1,26
2022-04-03,2,0
2022-04-03,3,0
2022-04-03,4,0
2022-04-03,5,0
2022-04-03,6,4
2022-04-03,7,8
2022-04-03,8,25
2022-04-03,9,26
2022-04-03,10,21
2022-04-03,11,25
2022-04-03,12,16
2022-04-03,13,16
2022-04-03,14,21
2022-04-03,15,16
2022-04-03,16,16
2022-04-03,17,16
2022-04-03,18,16
2022-04-03,19,16
2022-04-03,20,16
2022-04-03,21,13
2022-04-03,22,8
2022-04-03,23,1
2022-04-04,0,9
2022-04-04,1,13
2022-04-04,2,4
2022-04-04,3,0
2022-04-04,4,5
2022-04-04,5,3
2022-04-04,6,12
2022-04-04,7,26
2022-04-04,8,22
2022-04-04,9,16
2022-04-04,10,14
2022-04-04,11,6
2022-04-04,12,18
2022-04-04,13,8
2022-04-04,14,8
2022-04-04,15,14
2022-04-04,16,19
2022-04-04,17,17
2022-04-04,18,10
2022-04-04,19,6
2022-04-04,20,9
2022-04-04,21,3
2022-04-04,22,7
2022-04-04,23,0
2022-04-05,0,0
2022-04-05,1,0
2022-04-05,2,0
2022-04-05,3,8
2022-04-05,4,0
2022-04-05,5,0
2022-04-05,6,9
2022-04-05,7,33
2022-04-05,8,13
2022-04-05,9,10
2022-04-05,10,13
2022-04-05,11,15
2022-04-05,12,12
2022-04-05,13,12
2022-04-05,14,7
2022-04-05,15,40
2022-04-05,16,46
2022-04-05,17,26
2022-04-05,18,6
2022-04-05,19,4
2022-04-05,20,8
2022-04-05,21,5
2022-04-05,22,2
2022-04-05,23,3
2022-04-06,0,2
2022-04-06,1,1
2022-04-06,2,0
2022-04-06,3,0
2022-04-06,4,0
2022-04-06,5,1
2022-04-06,6,4
2022-04-06,7,11
2022-04-06,8,11
2022-04-06,9,11
2022-04-06,10,9
2022-04-06,11,10
2022-04-06,12,7
2022-04-06,13,6
2022-04-06,14,11
2022-04-06,15,19
2022-04-06,16,19
2022-04-06,17,13
2022-04-06,18,28
2022-04-06,19,8
2022-04-06,20,4
2022-04-06,21,13
2022-04-06,22,10
2022-04-06,23,1
2022-04-07,0,1
2022-04-07,1,2
2022-04-07,2,1
2022-04-07,3,0
2022-04-07,4,1
2022-04-07,5,2
2022-04-07,6,5
2022-04-07,7,14
2022-04-07,8,6
2022-04-07,9,10
2022-04-07,10,8
2022-04-07,11,16
2022-04-07,12,11
2022-04-07,13,10
2022-04-07,14,16
2022-04-07,15,10
2022-04-07,16,12
2022-04-07,17,13
2022-04-07,18,9
2022-04-07,19,9
2022-04-07,20,8
2022-04-07,21,12
2022-04-07,22,4
2022-04-07,23,0
2022-04-08,0,0
2022-04-08,1,0
2022-04-08,2,0
2022-04-08,3,0
2022-04-08,4,0
2022-04-08,5,1
2022-04-08,6,12
2022-04-08,7,12
2022-04-08,8,21
2022-04-08,9,12
2022-04-08,10,16
2022-04-08,11,21
2022-04-08,12,16
2022-04-08,13,22
2022-04-08,14,76
2022-04-11,7,26
2022-04-11,8,21
2022-04-11,9,13
2022-04-11,10,8
2022-04-11,11,18
2022-04-11,12,12
2022-04-11,13,10
2022-04-11,14,9
2022-04-11,15,14
2022-04-11,16,12
2022-04-11,17,4
2022-04-11,18,6
2022-04-11,19,2
2022-04-11,20,4
2022-04-11,21,3
2022-04-11,22,3
2022-04-11,23,1
2022-04-12,0,0
2022-04-12,1,4
2022-04-12,2,0
2022-04-12,3,0
2022-04-12,4,1
2022-04-12,5,3
2022-04-12,6,5
2022-04-12,7,9
2022-04-12,8,8
2022-04-12,9,14
2022-04-12,10,14
2022-04-12,11,8
2022-04-12,12,12
2022-04-12,13,16
2022-04-12,14,10
2022-04-12,15,25
2022-04-12,16,20
2022-04-12,17,7
2022-04-12,18,6
2022-04-12,19,8
2022-04-12,20,5
2022-04-12,21,7
2022-04-12,22,8
2022-04-12,23,0
2022-04-13,0,5
2022-04-13,1,12
2022-04-13,2,4
2022-04-13,3,22
2022-04-13,4,4
2022-04-13,5,4
2022-04-13,6,6
2022-04-13,7,21
2022-04-13,8,26
2022-04-13,9,16
2022-04-13,10,16
2022-04-13,11,16
2022-04-13,12,21
2022-04-13,13,16
2022-04-13,14,25
2022-04-13,15,26
2022-04-13,16,16
2022-04-13,17,26
2022-04-13,18,16
2022-04-13,19,12
2022-04-13,20,10
2022-04-13,21,16
2022-04-13,22,9
2022-04-13,23,0
2022-04-14,0,1
2022-04-14,1,2
2022-04-14,2,0
2022-04-14,3,0
2022-04-14,4,4
2022-04-14,5,8
2022-04-14,6,12
2022-04-14,7,21
2022-04-14,8,30
2022-04-14,9,16
2022-04-14,10,16
2022-04-14,11,16
2022-04-14,12,16
2022-04-14,13,16
2022-04-14,14,25
2022-04-14,15,16
2022-04-14,16,16
2022-04-14,17,17
2022-04-14,18,8
2022-04-14,19,8
2022-04-14,20,12
2022-04-14,21,2
2022-04-14,22,6
2022-04-14,23,1
2022-04-15,0,0
2022-04-15,1,4
2022-04-15,2,0
2022-04-15,3,12
2022-04-15,4,0
2022-04-15,5,3
2022-04-15,6,9
2022-04-15,7,12
2022-04-15,8,21
2022-04-15,9,12
2022-04-15,10,16
2022-04-15,11,21
2022-04-15,12,16
2022-04-15,13,16
2022-04-15,14,21
2022-04-15,15,16
2022-04-15,16,16
2022-04-15,17,16
2022-04-15,18,16
2022-04-15,19,8
2022-04-15,20,8
2022-04-15,21,12
2022-04-15,22,8
2022-04-15,23,1
2022-04-16,0,1
2022-04-16,1,0
2022-04-16,2,1
2022-04-16,3,0
2022-04-16,4,0
2022-04-16,5,2
2022-04-16,6,12
2022-04-16,7,16
2022-04-16,8,26
2022-04-16,9,26
2022-04-16,10,16
2022-04-16,11,26
2022-04-16,12,16
2022-04-16,13,15
2022-04-16,14,10
2022-04-16,15,12
2022-04-16,16,14
2022-04-16,17,12
2022-04-16,18,5
2022-04-16,19,7
2022-04-16,20,12
2022-04-16,21,12
2022-04-16,22,9
2022-04-16,23,4
2022-04-17,0,1
2022-04-17,1,0
2022-04-17,2,0
2022-04-17,3,0
2022-04-17,4,0
2022-04-17,5,1
2022-04-17,6,5
2022-04-17,7,2
2022-04-17,8,20
2022-04-17,9,26
2022-04-17,10,16
2022-04-17,11,35
2022-04-17,12,21
2022-04-17,13,16
2022-04-17,14,16
2022-04-17,15,16
2022-04-17,16,16
2022-04-17,17,21
2022-04-17,18,16
2022-04-17,19,16
2022-04-17,20,16
2022-04-17,21,17
2022-04-17,22,19
2022-04-17,23,1
2022-04-18,0,3
2022-04-18,1,0
2022-04-18,2,0
2022-04-18,3,0
2022-04-18,4,3
2022-04-18,5,1
2022-04-18,6,10
2022-04-18,7,21
2022-04-18,8,16
2022-04-18,9,12
2022-04-18,10,12
2022-04-18,11,16
2022-04-18,12,16
2022-04-18,13,16
2022-04-18,14,21
2022-04-18,15,16
2022-04-18,16,21
2022-04-18,17,16
2022-04-18,18,12
2022-04-18,19,8
2022-04-18,20,8
2022-04-18,21,8
2022-04-18,22,4
2022-04-18,23,4
2022-04-19,0,3
2022-04-19,1,0
2022-04-19,2,0
2022-04-19,3,0
2022-04-19,4,0
2022-04-19,5,2
2022-04-19,6,7
2022-04-19,7,20
2022-04-19,8,22
2022-04-19,9,16
2022-04-19,10,7
2022-04-19,11,8
2022-04-19,12,14
2022-04-19,13,12
2022-04-19,14,21
2022-04-19,15,18
2022-04-19,16,16
2022-04-19,17,10
2022-04-19,18,9
2022-04-19,19,8
2022-04-19,20,4
2022-04-19,21,7
2022-04-19,22,8
2022-04-19,23,0
2022-04-20,0,1
2022-04-20,1,0
2022-04-20,2,1
2022-04-20,3,0
2022-04-20,4,0
2022-04-20,5,5
2022-04-20,6,4
2022-04-20,7,15
2022-04-20,8,18
2022-04-20,9,7
2022-04-20,10,6
2022-04-20,11,14
2022-04-20,12,11
2022-04-20,13,11
2022-04-20,14,25
2022-04-20,15,14
2022-04-20,16,21
2022-04-20,17,24
2022-04-20,18,9
2022-04-20,19,4
2022-04-20,20,6
2022-04-20,21,3
2022-04-20,22,4
2022-04-20,23,4
2022-04-21,0,0
2022-04-21,1,0
2022-04-21,2,0
2022-04-21,3,0
2022-04-21,4,0
2022-04-21,5,1
2022-04-21,6,8
2022-04-21,7,23
2022-04-21,8,30
2022-04-21,9,17
2022-04-21,10,17
2022-04-21,11,12
2022-04-21,12,15
2022-04-21,13,11
2022-04-21,14,35
2022-04-21,15,25
2022-04-21,16,26
2022-04-21,17,25
2022-04-21,18,6
2022-04-21,19,25
2022-04-21,20,8
2022-04-21,21,6
2022-04-21,22,6
2022-04-21,23,0
2022-04-22,0,0
2022-04-22,1,4
2022-04-22,2,0
2022-04-22,3,2
2022-04-22,4,0
2022-04-22,5,2
2022-04-22,6,5
2022-04-22,7,20
2022-04-22,8,29
2022-04-22,9,13
2022-04-22,10,13
2022-04-22,11,17
2022-04-22,12,17
2022-04-22,13,11
2022-04-22,14,33
2022-04-22,15,19
2022-04-22,16,15
2022-04-22,17,15
2022-04-22,18,11
2022-04-22,19,8
2022-04-22,20,15
2022-04-22,21,17
2022-04-22,22,9
2022-04-22,23,1
2022-04-23,0,1
2022-04-23,1,1
2022-04-23,2,0
2022-04-23,3,0
2022-04-23,4,0
2022-04-23,5,0
2022-04-23,6,0
2022-04-23,7,3
2022-04-23,8,5
2022-04-23,9,9
2022-04-23,10,7
2022-04-23,11,15
2022-04-23,12,15
2022-04-23,13,13
2022-04-23,14,14
2022-04-23,15,13
2022-04-23,16,11
2022-04-23,17,1
2022-04-23,18,16
2022-04-23,19,5
2022-04-23,20,6
2022-04-23,21,8
2022-04-23,22,12
2022-04-23,23,3
2022-04-24,0,4
2022-04-24,1,27
2022-04-24,2,2
2022-04-24,3,0
2022-04-24,4,0
2022-04-24,5,0
2022-04-24,6,4
2022-04-24,7,8
2022-04-24,8,25
2022-04-24,9,30
2022-04-24,10,21
2022-04-24,11,40
2022-04-24,12,21
2022-04-24,13,21
2022-04-24,14,21
2022-04-24,15,16
2022-04-24,16,16
2022-04-24,17,26
2022-04-24,18,21
2022-04-24,19,21
2022-04-24,20,16
2022-04-24,21,21
2022-04-24,22,32
2022-04-24,23,0
2022-04-25,0,22
2022-04-25,1,13
2022-04-25,2,4
2022-04-25,3,0
2022-04-25,4,4
2022-04-25,5,8
2022-04-25,6,16
2022-04-25,7,31
2022-04-25,8,24
2022-04-25,9,12
2022-04-25,10,14
2022-04-25,11,12
2022-04-25,12,13
2022-04-25,13,14
2022-04-25,14,16
2022-04-25,15,18
2022-04-25,16,12
2022-04-25,17,18
2022-04-25,18,8
2022-04-25,19,11
2022-04-25,20,9
2022-04-25,21,7
2022-04-25,22,4
2022-04-25,23,0
2022-04-26,0,0
2022-04-26,1,4
2022-04-26,2,4
2022-04-26,3,8
2022-04-26,4,4
2022-04-26,5,17
2022-04-26,6,5
2022-04-26,7,22
2022-04-26,8,31
2022-04-26,9,15
2022-04-26,10,20
2022-04-26,11,15
2022-04-26,12,13
2022-04-26,13,12
2022-04-26,14,26
2022-04-26,15,18
2022-04-26,16,23
2022-04-26,17,14
2022-04-26,18,11
2022-04-26,19,5
2022-04-26,20,8
2022-04-26,21,12
2022-04-26,22,8
2022-04-26,23,1
2022-04-27,0,4
2022-04-27,1,12
2022-04-27,2,0
2022-04-27,3,0
2022-04-27,4,0
2022-04-27,5,2
2022-04-27,6,5
2022-04-27,7,18
2022-04-27,8,30
2022-04-27,9,9
2022-04-27,10,13
2022-04-27,11,14
2022-04-27,12,16
2022-04-27,13,13
2022-04-27,14,23
2022-04-27,15,21
2022-04-27,16,24
2022-04-27,17,15
2022-04-27,18,16
2022-04-27,19,9
2022-04-27,20,4
2022-04-27,21,6
2022-04-27,22,9
2022-04-27,23,4
2022-04-28,0,4
2022-04-28,1,0
2022-04-28,2,4
2022-04-28,3,0
2022-04-28,4,4
2022-04-28,5,4
2022-04-28,6,16
2022-04-28,7,28
2022-04-28,8,20
2022-04-28,9,12
2022-04-28,10,21
2022-04-28,11,16
2022-04-28,12,16
2022-04-28,13,16
2022-04-28,14,26
2022-04-28,15,24
2022-04-28,16,26
2022-04-28,17,19
2022-04-28,18,19
2022-04-28,19,11
2022-04-28,20,16
2022-04-28,21,12
2022-04-28,22,8
2022-04-28,23,4
2022-04-29,0,0
2022-04-29,1,8
2022-04-29,2,4
2022-04-29,3,12
2022-04-29,4,0
2022-04-29,5,12
2022-04-29,6,16
2022-04-29,7,17
2022-04-29,8,21
2022-04-29,9,6
2022-04-29,10,13
2022-04-29,11,23
2022-04-29,12,20
2022-04-29,13,12
2022-04-29,14,23
2022-04-29,15,11
2022-04-29,16,17
2022-04-29,17,14
2022-04-29,18,15
2022-04-29,19,8
2022-04-29,20,10
2022-04-29,21,4
2022-04-29,22,8
2022-04-29,23,4
2022-04-30,0,2
2022-04-30,1,1
2022-04-30,2,1
2022-04-30,3,0
2022-04-30,4,0
2022-04-30,5,0
2022-04-30,6,12
2022-04-30,7,16
2022-04-30,8,23
2022-04-30,9,25
2022-04-30,10,16
2022-04-30,11,26
2022-04-30,12,16
2022-04-30,13,25
2022-04-30,14,16
2022-04-30,15,16
2022-04-30,16,16
2022-04-30,17,27
2022-04-30,18,25
2022-04-30,19,9
2022-04-30,20,10
2022-04-30,21,16
2022-04-30,22,15
2022-04-30,23,3
2022-05-01,0,0
2022-05-01,1,0
2022-05-01,2,1
2022-05-01,3,2
2022-05-01,4,0
2022-05-01,5,0
2022-05-01,6,0
2022-05-01,7,8
2022-05-01,8,25
2022-05-01,9,26
2022-05-01,10,16
2022-05-01,11,40
2022-05-01,12,16
2022-05-01,13,21
2022-05-01,14,21
2022-05-01,15,21
2022-05-01,16,16
2022-05-01,17,21
2022-05-01,18,16
2022-05-01,19,21
2022-05-01,20,16
2022-05-01,21,20
2022-05-01,22,17
2022-05-01,23,8
2022-05-02,0,28
2022-05-02,1,13
2022-05-02,2,9
2022-05-02,3,0
2022-05-02,4,4
2022-05-02,5,4
2022-05-02,6,8
2022-05-02,7,21
2022-05-02,8,17
2022-05-02,9,16
2022-05-02,10,12
2022-05-02,11,16
2022-05-02,12,16
2022-05-02,13,16
2022-05-02,14,21
2022-05-02,15,16
2022-05-02,16,21
2022-05-02,17,16
2022-05-02,18,8
2022-05-02,19,0
2022-05-02,20,8
2022-05-02,21,8
2022-05-02,22,0
2022-05-02,23,0
2022-05-03,0,0
2022-05-03,1,1
2022-05-03,2,0
2022-05-03,3,0
2022-05-03,4,0
2022-05-03,5,4
2022-05-03,6,8
2022-05-03,7,19
2022-05-03,8,7
2022-05-03,9,22
2022-05-03,10,12
2022-05-03,11,12
2022-05-03,12,14
2022-05-03,13,17
2022-05-03,14,26
2022-05-03,15,15
2022-05-03,16,20
2022-05-03,17,18
2022-05-03,18,8
2022-05-03,19,8
2022-05-03,20,8
2022-05-03,21,5
2022-05-03,22,4
2022-05-03,23,2
2022-05-04,0,0
2022-05-04,1,0
2022-05-04,2,0
2022-05-04,3,6
2022-05-04,4,0
2022-05-04,5,0
2022-05-04,6,7
2022-05-04,7,14
2022-05-04,8,36
2022-05-04,9,13
2022-05-04,10,15
2022-05-04,11,22
2022-05-04,12,12
2022-05-04,13,11
2022-05-04,14,15
2022-05-04,15,22
2022-05-04,16,31
2022-05-04,17,18
2022-05-04,18,13
2022-05-04,19,6
2022-05-04,20,12
2022-05-04,21,10
2022-05-04,22,2
2022-05-04,23,1
2022-05-05,0,1
2022-05-05,1,1
2022-05-05,2,1
2022-05-05,3,0
2022-05-05,4,1
2022-05-05,5,2
2022-05-05,6,12
2022-05-05,7,17
2022-05-05,8,30
2022-05-05,9,16
2022-05-05,10,21
2022-05-05,11,16
2022-05-05,12,16
2022-05-05,13,16
2022-05-05,14,11
2022-05-05,15,21
2022-05-05,16,16
2022-05-05,17,14
2022-05-05,18,12
2022-05-05,19,2
2022-05-05,20,11
2022-05-05,21,8
2022-05-05,22,6
2022-05-05,23,2
2022-05-06,0,0
2022-05-06,1,0
2022-05-06,2,1
2022-05-06,3,0
2022-05-06,4,1
2022-05-06,5,3
2022-05-06,6,2
2022-05-06,7,15
2022-05-06,8,34
2022-05-06,9,4
2022-05-06,10,15
2022-05-06,11,9
2022-05-06,12,12
2022-05-06,13,21
2022-05-06,14,34
2022-05-06,15,12
2022-05-06,16,12
2022-05-06,17,10
2022-05-06,18,13
2022-05-06,19,13
2022-05-06,20,10
2022-05-06,21,12
2022-05-06,22,6
2022-05-06,23,3
2022-05-07,0,0
2022-05-07,1,0
2022-05-07,2,1
2022-05-07,3,2
2022-05-07,4,4
2022-05-07,5,0
2022-05-07,6,12
2022-05-07,7,16
2022-05-07,8,26
2022-05-07,9,26
2022-05-07,10,16
2022-05-07,11,26
2022-05-07,12,16
2022-05-07,13,30
2022-05-07,14,16
2022-05-07,15,16
2022-05-07,16,16
2022-05-07,17,21
2022-05-07,18,29
2022-05-07,19,16
2022-05-07,20,16
2022-05-07,21,12
2022-05-07,22,11
2022-05-07,23,4
2022-05-08,0,4
2022-05-08,1,26
2022-05-08,2,0
2022-05-08,3,3
2022-05-08,4,4
2022-05-08,5,1
2022-05-08,6,8
2022-05-08,7,4
2022-05-08,8,25
2022-05-08,9,26
2022-05-08,10,21
2022-05-08,11,40
2022-05-08,12,31
2022-05-08,13,12
2022-05-08,14,7
2022-05-08,15,5
2022-05-08,16,12
2022-05-08,17,14
2022-05-08,18,14
2022-05-08,19,10
2022-05-08,20,9
2022-05-08,21,9
2022-05-08,22,17
2022-05-08,23,0
2022-05-09,0,0
2022-05-09,1,13
2022-05-09,2,4
2022-05-09,3,0
2022-05-09,4,8
2022-05-09,5,5
2022-05-09,6,5
2022-05-09,7,22
2022-05-09,8,27
2022-05-09,9,10
2022-05-09,10,13
2022-05-09,11,15
2022-05-09,12,4
2022-05-09,13,13
2022-05-09,14,38
2022-05-09,15,32
2022-05-09,16,38
2022-05-09,17,12
2022-05-09,18,11
2022-05-09,19,3
2022-05-09,20,2
2022-05-09,21,27
2022-05-09,22,1
2022-05-09,23,0
2022-05-10,0,0
2022-05-10,1,4
2022-05-10,2,4
2022-05-10,3,8
2022-05-10,4,4
2022-05-10,5,27
2022-05-10,6,6
2022-05-10,7,18
2022-05-10,8,28
2022-05-10,9,9
2022-05-10,10,10
2022-05-10,11,11
2022-05-10,12,15
2022-05-10,13,17
2022-05-10,14,33
2022-05-10,15,22
2022-05-10,16,25
2022-05-10,17,13
2022-05-10,18,14
2022-05-10,19,10
2022-05-10,20,3
2022-05-10,21,10
2022-05-10,22,13
2022-05-10,23,4
2022-05-11,0,4
2022-05-11,1,12
2022-05-11,2,4
2022-05-11,3,0
2022-05-11,4,2
2022-05-11,5,2
2022-05-11,6,3
2022-05-11,7,20
2022-05-11,8,23
2022-05-11,9,5
2022-05-11,10,8
2022-05-11,11,10
2022-05-11,12,14
2022-05-11,13,17
2022-05-11,14,31
2022-05-11,15,16
2022-05-11,16,27
2022-05-11,17,26
2022-05-11,18,7
2022-05-11,19,8
2022-05-11,20,7
2022-05-11,21,13
2022-05-11,22,2
2022-05-11,23,1
2022-05-12,0,1
2022-05-12,1,0
2022-05-12,2,0
2022-05-12,3,2
2022-05-12,4,0
2022-05-12,5,2
2022-05-12,6,7
2022-05-12,7,21
2022-05-12,8,23
2022-05-12,9,10
2022-05-12,10,13
2022-05-12,11,12
2022-05-12,12,12
2022-05-12,13,11
2022-05-12,14,22
2022-05-12,15,17
2022-05-12,16,24
2022-05-12,17,13
2022-05-12,18,9
2022-05-12,19,10
2022-05-12,20,12
2022-05-12,21,4
2022-05-12,22,3
2022-05-12,23,0
2022-05-13,0,0
2022-05-13,1,2
2022-05-13,2,2
2022-05-13,3,0
2022-05-13,4,1
2022-05-13,5,3
2022-05-13,6,3
2022-05-13,7,20
2022-05-13,8,21
2022-05-13,9,10
2022-05-13,10,13
2022-05-13,11,18
2022-05-13,12,8
2022-05-13,13,24
2022-05-13,14,25
2022-05-13,15,20
2022-05-13,16,26
2022-05-13,17,11
2022-05-13,18,8
2022-05-13,19,8
2022-05-13,20,8
2022-05-13,21,8
2022-05-13,22,4
2022-05-13,23,4
2022-05-14,0,0
2022-05-14,1,9
2022-05-14,2,4
2022-05-14,3,0
2022-05-14,4,0
2022-05-14,5,0
2022-05-14,6,12
2022-05-14,7,16
2022-05-14,8,26
2022-05-14,9,26
2022-05-14,10,16
2022-05-14,11,26
2022-05-14,12,16
2022-05-14,13,25
2022-05-14,14,16
2022-05-14,15,16
2022-05-14,16,16
2022-05-14,17,16
2022-05-14,18,25
2022-05-14,19,16
2022-05-14,20,16
2022-05-14,21,8
2022-05-14,22,13
2022-05-14,23,2
2022-05-15,0,5
2022-05-15,1,0
2022-05-15,2,4
2022-05-15,3,1
2022-05-15,4,2
2022-05-15,5,1
2022-05-15,6,12
2022-05-15,7,8
2022-05-15,8,25
2022-05-15,9,30
2022-05-15,10,16
2022-05-15,11,35
2022-05-15,12,26
2022-05-15,13,16
2022-05-15,14,16
2022-05-15,15,16
2022-05-15,16,16
2022-05-15,17,16
2022-05-15,18,16
2022-05-15,19,21
2022-05-15,20,16
2022-05-15,21,9
2022-05-15,22,21
2022-05-15,23,6
2022-05-16,0,37
2022-05-16,1,38
2022-05-16,2,28
2022-05-16,3,4
2022-05-16,4,0
2022-05-16,5,3
2022-05-16,6,5
2022-05-16,7,32
2022-05-16,8,63
2022-05-16,9,7
2022-05-16,10,11
2022-05-16,11,15
2022-05-16,12,10
2022-05-16,13,14
2022-05-16,14,32
2022-05-16,15,16
2022-05-16,16,34
2022-05-16,17,16
2022-05-16,18,11
2022-05-16,19,8
2022-05-16,20,13
2022-05-16,21,25
2022-05-16,22,8
2022-05-16,23,4
2022-05-17,0,0
2022-05-17,1,4
2022-05-17,2,4
2022-05-17,3,8
2022-05-17,4,4
2022-05-17,5,1
2022-05-17,6,8
2022-05-17,7,25
2022-05-17,8,24
2022-05-17,9,9
2022-05-17,10,11
2022-05-17,11,10
2022-05-17,12,14
2022-05-17,13,14
2022-05-17,14,33
2022-05-17,15,16
2022-05-17,16,18
2022-05-17,17,7
2022-05-17,18,6
2022-05-17,19,12
2022-05-17,20,37
2022-05-17,21,7
2022-05-17,22,5
2022-05-17,23,0
2022-05-18,0,4
2022-05-18,1,12
2022-05-18,2,0
2022-05-18,3,0
2022-05-18,4,0
2022-05-18,5,3
2022-05-18,6,5
2022-05-18,7,20
2022-05-18,8,17
2022-05-18,9,9
2022-05-18,10,15
2022-05-18,11,21
2022-05-18,12,21
2022-05-18,13,22
2022-05-18,14,24
2022-05-18,15,16
2022-05-18,16,22
2022-05-18,17,16
2022-05-18,18,4
2022-05-18,19,7
2022-05-18,20,9
2022-05-18,21,0
2022-05-18,22,2
2022-05-18,23,4
2022-05-19,0,4
2022-05-19,1,0
2022-05-19,2,13
2022-05-19,3,0
2022-05-19,4,0
2022-05-19,5,2
2022-05-19,6,3
2022-05-19,7,18
2022-05-19,8,30
2022-05-19,9,9
2022-05-19,10,8
2022-05-19,11,15
2022-05-19,12,16
2022-05-19,13,12
2022-05-19,14,22
2022-05-19,15,19
2022-05-19,16,25
2022-05-19,17,9
2022-05-19,18,12
2022-05-19,19,7
2022-05-19,20,9
2022-05-19,21,5
2022-05-19,22,8
2022-05-19,23,7
2022-05-20,0,0
2022-05-20,1,21
2022-05-20,2,22
2022-05-20,3,30
2022-05-20,4,9
2022-05-20,5,16
2022-05-20,6,16
2022-05-20,7,16
2022-05-20,8,23
2022-05-20,9,7
2022-05-20,10,17
2022-05-20,11,15
2022-05-20,12,20
2022-05-20,13,6
2022-05-20,14,26
2022-05-20,15,24
2022-05-20,16,30
2022-05-20,17,12
2022-05-20,18,14
2022-05-20,19,6
2022-05-20,20,8
2022-05-20,21,5
2022-05-20,22,11
2022-05-20,23,0
2022-05-21,0,1
2022-05-21,1,4
2022-05-21,2,0
2022-05-21,3,0
2022-05-21,4,1
2022-05-21,5,1
2022-05-21,6,16
2022-05-21,7,16
2022-05-21,8,26
2022-05-21,9,26
2022-05-21,10,16
2022-05-21,11,26
2022-05-21,12,16
2022-05-21,13,25
2022-05-21,14,16
2022-05-21,15,16
2022-05-21,16,16
2022-05-21,17,16
2022-05-21,18,30
2022-05-21,19,12
2022-05-21,20,16
2022-05-21,21,12
2022-05-21,22,12
2022-05-21,23,15
2022-05-22,0,8
2022-05-22,1,2
2022-05-22,2,2
2022-05-22,3,1
2022-05-22,4,1
2022-05-22,5,1
2022-05-22,6,0
2022-05-22,7,8
2022-05-22,8,25
2022-05-22,9,26
2022-05-22,10,21
2022-05-22,11,45
2022-05-22,12,21
2022-05-22,13,21
2022-05-22,14,16
2022-05-22,15,16
2022-05-22,16,16
2022-05-22,17,28
2022-05-22,18,6
2022-05-22,19,16
2022-05-22,20,3
2022-05-22,21,16
2022-05-22,22,12
2022-05-22,23,0
2022-05-23,0,0
2022-05-23,1,13
2022-05-23,2,4
2022-05-23,3,12
2022-05-23,4,9
2022-05-23,5,4
2022-05-23,6,6
2022-05-23,7,23
2022-05-23,8,27
2022-05-23,9,8
2022-05-23,10,11
2022-05-23,11,12
2022-05-23,12,8
2022-05-23,13,16
2022-05-23,14,28
2022-05-23,15,19
2022-05-23,16,22
2022-05-23,17,13
2022-05-23,18,13
2022-05-23,19,8
2022-05-23,20,0
2022-05-23,21,6
2022-05-23,22,2
2022-05-23,23,1
2022-05-24,0,1
2022-05-24,1,0
2022-05-24,13,16
2022-05-24,14,35
2022-05-24,15,13
2022-05-24,16,12
2022-05-24,17,14
2022-05-24,18,12
2022-05-24,19,9
2022-05-24,20,8
2022-05-24,21,4
2022-05-24,22,2
2022-05-24,23,0
2022-05-25,0,0
2022-05-25,1,1
2022-05-25,2,0
2022-05-25,3,1
2022-05-25,4,1
2022-05-25,5,2
2022-05-25,6,5
2022-05-25,7,11
2022-05-25,8,42
2022-05-25,9,3
2022-05-25,10,21
2022-05-25,11,14
2022-05-25,12,21
2022-05-25,13,21
2022-05-25,14,34
2022-05-25,15,21
2022-05-25,16,17
2022-05-25,17,23
2022-05-25,18,11
2022-05-25,19,9
2022-05-25,20,10
2022-05-25,21,21
2022-05-25,22,7
2022-05-25,23,2
2022-05-26,0,0
2022-05-26,1,0
2022-05-26,2,0
2022-05-26,3,2
2022-05-26,4,0
2022-05-26,5,3
2022-05-26,6,16
2022-05-26,7,20
2022-05-26,8,40
2022-05-26,9,9
2022-05-26,10,13
2022-05-26,11,13
2022-05-26,12,10
2022-05-26,13,8
2022-05-26,14,20
2022-05-26,15,13
2022-05-26,16,21
2022-05-26,17,22
2022-05-26,18,9
2022-05-26,19,8
2022-05-26,20,12
2022-05-26,21,3
2022-05-26,22,1
2022-05-26,23,0
2022-05-27,0,0
2022-05-27,1,4
2022-05-27,2,12
2022-05-27,3,12
2022-05-27,4,1
2022-05-27,5,2
2022-05-27,6,12
2022-05-27,7,16
2022-05-27,8,22
2022-05-27,9,16
2022-05-27,10,16
2022-05-27,11,12
2022-05-27,12,11
2022-05-27,13,12
2022-05-27,14,9
2022-05-27,15,15
2022-05-27,16,15
2022-05-27,17,14
2022-05-27,18,7
2022-05-27,19,9
2022-05-27,20,10
2022-05-27,21,7
2022-05-27,22,6
2022-05-27,23,6
2022-05-28,0,4
2022-05-28,1,9
2022-05-28,2,4
2022-05-28,3,2
2022-05-28,4,0
2022-05-28,5,0
2022-05-28,6,16
2022-05-28,7,16
2022-05-28,8,26
2022-05-28,9,26
2022-05-28,10,16
2022-05-28,11,26
2022-05-28,12,16
2022-05-28,13,25
2022-05-28,14,16
2022-05-28,15,16
2022-05-28,16,16
2022-05-28,17,16
2022-05-28,18,25
2022-05-28,19,12
2022-05-28,20,12
2022-05-28,21,16
2022-05-28,22,10
2022-05-28,23,6
2022-05-29,0,10
2022-05-29,1,0
2022-05-29,2,0
2022-05-29,3,0
2022-05-29,4,0
2022-05-29,5,0
2022-05-29,6,8
2022-05-29,7,8
2022-05-29,8,37
2022-05-29,9,35
2022-05-29,10,21
2022-05-29,11,40
2022-05-29,12,31
2022-05-29,13,26
2022-05-29,14,16
2022-05-29,15,21
2022-05-29,16,16
2022-05-29,17,31
2022-05-29,18,16
2022-05-29,19,21
2022-05-29,20,16
2022-05-29,21,28
2022-05-29,22,22
2022-05-29,23,0
2022-05-30,0,29
2022-05-30,1,13
2022-05-30,2,4
2022-05-30,3,0
2022-05-30,4,12
2022-05-30,5,5
2022-05-30,6,9
2022-05-30,7,10
2022-05-30,8,45
2022-05-30,9,14
2022-05-30,10,12
2022-05-30,11,14
2022-05-30,12,11
2022-05-30,13,15
2022-05-30,14,35
2022-05-30,15,15
2022-05-30,16,24
2022-05-30,17,11
2022-05-30,18,10
2022-05-30,19,59
2022-05-30,20,5
2022-05-30,21,10
2022-05-30,22,9
2022-05-30,23,5
2022-05-31,0,0
2022-05-31,1,4
2022-05-31,2,4
2022-05-31,3,8
2022-05-31,4,4
2022-05-31,5,4
2022-05-31,6,8
2022-05-31,7,36
2022-05-31,8,20
2022-05-31,9,4
2022-05-31,10,13
2022-05-31,11,9
2022-05-31,12,15
2022-05-31,13,11
2022-05-31,14,28
2022-05-31,15,20
2022-05-31,16,39
2022-05-31,17,31
2022-05-31,18,12
2022-05-31,19,5
2022-05-31,20,6
2022-05-31,21,10
2022-05-31,22,2
2022-05-31,23,3
2022-06-01,0,1
2022-06-01,1,2
2022-06-01,2,0
2022-06-01,3,0
2022-06-01,4,1
2022-06-01,5,5
2022-06-01,6,6
2022-06-01,7,24
2022-06-01,8,30
2022-06-01,9,10
2022-06-01,10,15
2022-06-01,11,16
2022-06-01,12,15
2022-06-01,13,16
2022-06-01,14,21
2022-06-01,15,13
2022-06-01,16,38
2022-06-01,17,26
2022-06-01,18,10
2022-06-01,19,4
2022-06-01,20,3
2022-06-01,21,4
2022-06-01,22,5
2022-06-01,23,1
2022-06-02,0,7
2022-06-02,1,0
2022-06-02,2,4
2022-06-02,3,0
2022-06-02,4,0
2022-06-02,5,3
2022-06-02,6,13
2022-06-02,7,21
2022-06-02,8,30
2022-06-02,9,16
2022-06-02,10,16
2022-06-02,11,16
2022-06-02,12,16
2022-06-02,13,16
2022-06-02,14,21
2022-06-02,15,16
2022-06-02,16,10
2022-06-02,17,13
2022-06-02,18,15
2022-06-02,19,7
2022-06-02,20,8
2022-06-02,21,11
2022-06-02,22,6
2022-06-02,23,0
2022-06-03,0,3
2022-06-03,1,0
2022-06-03,2,0
2022-06-03,3,2
2022-06-03,4,0
2022-06-03,5,8
2022-06-03,6,12
2022-06-03,7,12
2022-06-03,8,8
2022-06-03,9,9
2022-06-03,10,16
2022-06-03,11,17
2022-06-03,12,7
2022-06-03,13,11
2022-06-03,14,11
2022-06-03,15,7
2022-06-03,16,19
2022-06-03,17,7
2022-06-03,18,11
2022-06-03,19,4
2022-06-03,20,7
2022-06-03,21,12
2022-06-03,22,4
2022-06-03,23,0
2022-06-04,0,1
2022-06-04,1,9
2022-06-04,2,4
2022-06-04,3,0
2022-06-04,4,1
2022-06-04,5,1
2022-06-04,6,16
2022-06-04,7,21
2022-06-04,8,26
2022-06-04,9,26
2022-06-04,10,16
2022-06-04,11,21
2022-06-04,12,16
2022-06-04,13,25
2022-06-04,14,16
2022-06-04,15,16
2022-06-04,16,16
2022-06-04,17,12
2022-06-04,18,30
2022-06-04,19,12
2022-06-04,20,12
2022-06-04,21,16
2022-06-04,22,8
2022-06-04,23,2
2022-06-05,0,9
2022-06-05,1,27
2022-06-05,2,0
2022-06-05,3,0
2022-06-05,4,0
2022-06-05,5,0
2022-06-05,6,8
2022-06-05,7,8
2022-06-05,8,30
2022-06-05,9,30
2022-06-05,10,21
2022-06-05,11,7
2022-06-05,12,9
2022-06-05,13,7
2022-06-05,14,8
2022-06-05,15,15
2022-06-05,16,10
2022-06-05,17,10
2022-06-05,18,12
2022-06-05,19,5
2022-06-05,20,6
2022-06-05,21,4
2022-06-05,22,5
2022-06-05,23,1
2022-06-06,0,36
2022-06-06,1,13
2022-06-06,2,4
2022-06-06,3,4
2022-06-06,4,12
2022-06-06,5,4
2022-06-06,6,12
2022-06-06,7,26
2022-06-06,8,17
2022-06-06,9,13
2022-06-06,10,18
2022-06-06,11,13
2022-06-06,12,12
2022-06-06,13,9
2022-06-06,14,30
2022-06-06,15,18
2022-06-06,16,20
2022-06-06,17,6
2022-06-06,18,19
2022-06-06,19,8
2022-06-06,20,3
2022-06-06,21,6
2022-06-06,22,8
2022-06-06,23,0
2022-06-07,0,0
2022-06-07,1,4
2022-06-07,2,4
2022-06-07,3,8
2022-06-07,4,4
2022-06-07,5,5
2022-06-07,6,1
2022-06-07,7,18
2022-06-07,8,30
2022-06-07,9,14
2022-06-07,10,10
2022-06-07,11,10
2022-06-07,12,10
2022-06-07,13,16
2022-06-07,14,23
2022-06-07,15,24
2022-06-07,16,24
2022-06-07,17,18
2022-06-07,18,9
2022-06-07,19,5
2022-06-07,20,6
2022-06-07,21,10
2022-06-07,22,10
2022-06-07,23,1
2022-06-08,0,0
2022-06-08,1,12
2022-06-08,2,8
2022-06-08,3,9
2022-06-08,4,0
2022-06-08,5,0
2022-06-08,6,7
2022-06-08,7,22
2022-06-08,8,29
2022-06-08,9,11
2022-06-08,10,14
2022-06-08,11,17
2022-06-08,12,13
2022-06-08,13,13
2022-06-08,14,27
2022-06-08,15,16
2022-06-08,16,28
2022-06-08,17,12
2022-06-08,18,14
2022-06-08,19,10
2022-06-08,20,7
2022-06-08,21,4
2022-06-08,22,2
2022-06-08,23,3
2022-06-09,0,0
2022-06-09,1,3
2022-06-09,2,0
2022-06-09,3,2
2022-06-09,4,0
2022-06-09,5,7
2022-06-09,6,4
2022-06-09,7,11
2022-06-09,8,36
2022-06-09,9,15
2022-06-09,10,16
2022-06-09,11,16
2022-06-09,12,16
2022-06-09,13,16
2022-06-09,14,21
2022-06-09,15,20
2022-06-09,16,23
2022-06-09,17,12
2022-06-09,18,9
2022-06-09,19,11
2022-06-09,20,5
2022-06-09,21,1
2022-06-09,22,2
2022-06-09,23,0
2022-06-10,0,0
2022-06-10,1,4
2022-06-10,2,0
2022-06-10,3,8
2022-06-10,4,1
2022-06-10,5,1
2022-06-10,6,8
2022-06-10,7,12
2022-06-10,8,20
2022-06-10,9,14
2022-06-10,10,24
2022-06-10,11,21
2022-06-10,12,12
2022-06-10,13,9
2022-06-10,14,20
2022-06-10,15,20
2022-06-10,16,15
2022-06-10,17,12
2022-06-10,18,25
2022-06-10,19,9
2022-06-10,20,6
2022-06-10,21,8
2022-06-10,22,13
2022-06-10,23,2
2022-06-11,0,0
2022-06-11,1,2
2022-06-11,2,0
2022-06-11,3,0
2022-06-11,4,0
2022-06-11,5,0
2022-06-11,6,5
2022-06-11,7,16
2022-06-11,8,26
2022-06-11,9,26
2022-06-11,10,16
2022-06-11,11,26
2022-06-11,12,16
2022-06-11,13,25
2022-06-11,14,16
2022-06-11,15,16
2022-06-11,16,13
2022-06-11,17,19
2022-06-11,18,14
2022-06-11,19,5
2022-06-11,20,16
2022-06-11,21,8
2022-06-11,22,13
2022-06-11,23,2
2022-06-12,0,2
2022-06-12,1,0
2022-06-12,2,0
2022-06-12,3,0
2022-06-12,4,0
2022-06-12,5,0
2022-06-12,6,3
2022-06-12,7,5
2022-06-12,8,25
2022-06-12,9,24
2022-06-12,10,21
2022-06-12,11,35
2022-06-12,12,16
2022-06-12,13,21
2022-06-12,14,16
2022-06-12,15,16
2022-06-12,16,16
2022-06-12,17,16
2022-06-12,18,16
2022-06-12,19,16
2022-06-12,20,16
2022-06-12,21,17
2022-06-12,22,21
2022-06-12,23,4
2022-06-13,0,27
2022-06-13,1,27
2022-06-13,2,13
2022-06-13,3,12
2022-06-13,4,17
2022-06-13,5,12
2022-06-13,6,16
2022-06-13,7,29
2022-06-13,8,29
2022-06-13,9,15
2022-06-13,10,8
2022-06-13,11,16
2022-06-13,12,16
2022-06-13,13,16
2022-06-13,14,24
2022-06-13,15,13
2022-06-13,16,20
2022-06-13,17,12
2022-06-13,18,7
2022-06-13,19,6
2022-06-13,20,5
2022-06-13,21,6
2022-06-13,22,9
2022-06-13,23,0
2022-06-14,0,2
2022-06-14,1,1
2022-06-14,2,0
2022-06-14,3,0
2022-06-14,4,0
2022-06-14,5,0
2022-06-14,6,4
2022-06-14,7,26
2022-06-14,8,31
2022-06-14,9,7
2022-06-14,10,13
2022-06-14,11,13
2022-06-14,12,7
2022-06-14,13,14
2022-06-14,14,27
2022-06-14,15,16
2022-06-14,16,27
2022-06-14,17,21
2022-06-14,18,14
2022-06-14,19,7
2022-06-14,20,3
2022-06-14,21,8
2022-06-14,22,15
2022-06-14,23,4
2022-06-15,0,5
2022-06-15,1,12
2022-06-15,2,13
2022-06-15,3,31
2022-06-15,4,12
2022-06-15,5,1
2022-06-15,6,4
2022-06-15,7,20
2022-06-15,8,31
2022-06-15,9,12
2022-06-15,10,11
2022-06-15,11,14
2022-06-15,12,4
2022-06-15,13,8
2022-06-15,14,23
2022-06-15,15,28
2022-06-15,16,29
2022-06-15,17,16
2022-06-15,18,7
2022-06-15,19,3
2022-06-15,20,8
2022-06-15,21,6
2022-06-15,22,5
2022-06-15,23,0
2022-06-16,0,0
2022-06-16,1,2
2022-06-16,2,0
2022-06-16,3,0
2022-06-16,4,0
2022-06-16,5,2
2022-06-16,6,4
2022-06-16,7,23
2022-06-16,8,29
2022-06-16,9,9
2022-06-16,10,10
2022-06-16,11,18
2022-06-16,12,12
2022-06-16,13,16
2022-06-16,14,33
2022-06-16,15,16
2022-06-16,16,29
2022-06-16,17,14
2022-06-16,18,12
2022-06-16,19,7
2022-06-16,20,13
2022-06-16,21,1
2022-06-16,22,0
2022-06-16,23,4
2022-06-17,0,0
2022-06-17,1,0
2022-06-17,2,1
2022-06-17,3,2
2022-06-17,4,0
2022-06-17,5,2
2022-06-17,6,8
2022-06-17,7,15
2022-06-17,8,35
2022-06-17,9,19
2022-06-17,10,12
2022-06-17,11,17
2022-06-17,12,14
2022-06-17,13,16
2022-06-17,14,21
2022-06-17,15,11
2022-06-17,16,19
2022-06-17,17,18
2022-06-17,18,10
2022-06-17,19,5
2022-06-17,20,6
2022-06-17,21,7
2022-06-17,22,5
2022-06-17,23,4
2022-06-18,0,0
2022-06-18,1,0
2022-06-18,2,0
2022-06-18,3,0
2022-06-18,4,1
2022-06-18,5,1
2022-06-18,6,2
2022-06-18,7,5
2022-06-18,8,24
2022-06-18,9,26
2022-06-18,10,16
2022-06-18,11,26
2022-06-18,12,16
2022-06-18,13,25
2022-06-18,14,16
2022-06-18,15,16
2022-06-18,16,16
2022-06-18,17,16
2022-06-18,18,30
2022-06-18,19,16
2022-06-18,20,16
2022-06-18,21,12
2022-06-18,22,9
2022-06-18,23,5
2022-06-19,0,5
2022-06-19,1,0
2022-06-19,2,0
2022-06-19,3,0
2022-06-19,4,0
2022-06-19,5,2
2022-06-19,6,8
2022-06-19,7,8
2022-06-19,8,25
2022-06-19,9,26
2022-06-19,10,21
2022-06-19,11,36
2022-06-19,12,26
2022-06-19,13,21
2022-06-19,14,16
2022-06-19,15,21
2022-06-19,16,16
2022-06-19,17,21
2022-06-19,18,16
2022-06-19,19,21
2022-06-19,20,16
2022-06-19,21,3
2022-06-19,22,15
2022-06-19,23,5
2022-06-20,0,6
2022-06-20,1,13
2022-06-20,2,4
2022-06-20,3,4
2022-06-20,4,12
2022-06-20,5,2
2022-06-20,6,15
2022-06-20,7,26
2022-06-20,8,19
2022-06-20,9,10
2022-06-20,10,8
2022-06-20,11,13
2022-06-20,12,18
2022-06-20,13,9
2022-06-20,14,17
2022-06-20,15,20
2022-06-20,16,16
2022-06-20,17,17
2022-06-20,18,6
2022-06-20,19,2
2022-06-20,20,5
2022-06-20,21,20
2022-06-20,22,8
2022-06-20,23,2
2022-06-21,0,0
2022-06-21,1,0
2022-06-21,2,0
2022-06-21,3,0
2022-06-21,4,1
2022-06-21,5,4
2022-06-21,6,7
2022-06-21,7,16
2022-06-21,8,28
2022-06-21,9,12
2022-06-21,10,17
2022-06-21,11,9
2022-06-21,12,11
2022-06-21,13,10
2022-06-21,14,35
2022-06-21,15,19
2022-06-21,16,24
2022-06-21,17,14
2022-06-21,18,11
2022-06-21,19,4
2022-06-21,20,13
2022-06-21,21,12
2022-06-21,22,1
2022-06-21,23,1
2022-06-22,0,0
2022-06-22,1,4
2022-06-22,2,4
2022-06-22,3,0
2022-06-22,4,0
2022-06-22,5,1
2022-06-22,6,8
2022-06-22,7,23
2022-06-22,8,34
2022-06-22,9,14
2022-06-22,10,10
2022-06-22,11,12
2022-06-22,12,11
2022-06-22,13,16
2022-06-22,14,26
2022-06-22,15,22
2022-06-22,16,16
2022-06-22,17,25
2022-06-22,18,12
2022-06-22,19,8
2022-06-22,20,5
2022-06-22,21,4
2022-06-22,22,2
2022-06-22,23,1
2022-06-23,0,0
2022-06-23,1,0
2022-06-23,2,0
2022-06-23,3,0
2022-06-23,4,1
2022-06-23,5,2
2022-06-23,6,7
2022-06-23,7,14
2022-06-23,8,26
2022-06-23,9,18
2022-06-23,10,12
2022-06-23,11,16
2022-06-23,12,17
2022-06-23,13,7
2022-06-23,14,20
2022-06-23,15,26
2022-06-23,16,21
2022-06-23,17,15
2022-06-23,18,13
2022-06-23,19,15
2022-06-23,20,6
2022-06-23,21,6
2022-06-23,22,0
2022-06-23,23,4
2022-06-24,0,0
2022-06-24,1,0
2022-06-24,2,0
2022-06-24,3,4
2022-06-24,4,0
2022-06-24,5,0
2022-06-24,6,4
2022-06-24,7,16
2022-06-24,8,37
2022-06-24,9,18
2022-06-24,10,12
2022-06-24,11,15
2022-06-24,12,22
2022-06-24,13,18
2022-06-24,14,20
2022-06-24,15,25
2022-06-24,16,12
2022-06-24,17,11
2022-06-24,18,10
2022-06-24,19,5
2022-06-24,20,9
2022-06-24,21,1
2022-06-24,22,4
2022-06-24,23,9
2022-06-25,0,8
2022-06-25,1,4
2022-06-25,2,14
2022-06-25,3,1
2022-06-25,4,2
2022-06-25,5,0
2022-06-25,6,4
2022-06-25,7,14
2022-06-25,8,21
2022-06-25,9,26
2022-06-25,10,16
2022-06-25,11,26
2022-06-25,12,12
2022-06-25,13,8
2022-06-25,14,15
2022-06-25,15,7
2022-06-25,16,7
2022-06-25,17,10
2022-06-25,18,9
2022-06-25,19,3
2022-06-25,20,5
2022-06-25,21,8
2022-06-25,22,2
2022-06-25,23,1
2022-06-26,0,2
2022-06-26,1,2
2022-06-26,2,1
2022-06-26,3,0
2022-06-26,4,0
2022-06-26,5,0
2022-06-26,6,8
2022-06-26,7,4
2022-06-26,8,25
2022-06-26,9,30
2022-06-26,10,21
2022-06-26,11,35
2022-06-26,12,31
2022-06-26,13,21
2022-06-26,14,26
2022-06-26,15,21
2022-06-26,16,16
2022-06-26,17,26
2022-06-26,18,16
2022-06-26,19,21
2022-06-26,20,16
2022-06-26,21,4
2022-06-26,22,8
2022-06-26,23,6
2022-06-27,0,0
2022-06-27,1,0
2022-06-27,2,0
2022-06-27,3,0
2022-06-27,4,2
2022-06-27,5,1
2022-06-27,6,4
2022-06-27,7,26
2022-06-27,8,8
2022-06-27,9,13
2022-06-27,10,7
2022-06-27,11,13
2022-06-27,12,7
2022-06-27,13,12
2022-06-27,14,12
2022-06-27,15,12
2022-06-27,16,15
2022-06-27,17,12
2022-06-27,18,14
2022-06-27,19,13
2022-06-27,20,11
2022-06-27,21,6
2022-06-27,22,1
2022-06-27,23,0
2022-06-28,0,0
2022-06-28,1,4
2022-06-28,2,0
2022-06-28,3,4
2022-06-28,4,4
2022-06-28,5,18
2022-06-28,6,7
2022-06-28,7,12
2022-06-28,8,15
2022-06-28,9,9
2022-06-28,10,10
2022-06-28,11,7
2022-06-28,12,14
2022-06-28,13,10
2022-06-28,14,12
2022-06-28,15,15
2022-06-28,16,15
2022-06-28,17,7
2022-06-28,18,11
2022-06-28,19,6
2022-06-28,20,6
2022-06-28,21,5
2022-06-28,22,7
2022-06-28,23,0
2022-06-29,0,0
2022-06-29,1,2
2022-06-29,2,0
2022-06-29,3,0
2022-06-29,4,0
2022-06-29,5,1
2022-06-29,6,7
2022-06-29,7,12
2022-06-29,8,8
2022-06-29,9,11
2022-06-29,10,5
2022-06-29,11,13
2022-06-29,12,10
2022-06-29,13,13
2022-06-29,14,10
2022-06-29,15,11
2022-06-29,16,26
2022-06-29,17,12
2022-06-29,18,8
2022-06-29,19,8
2022-06-29,20,1
2022-06-29,21,4
2022-06-29,22,4
2022-06-29,23,3
2022-06-30,0,2
2022-06-30,1,1
2022-06-30,2,0
2022-06-30,3,0
2022-06-30,4,0
2022-06-30,5,2
2022-06-30,6,5
2022-06-30,7,13
2022-06-30,8,11
2022-06-30,9,8
2022-06-30,10,6
2022-06-30,11,10
2022-06-30,12,16
2022-06-30,13,12
2022-06-30,14,10
2022-06-30,15,20
2022-06-30,16,21
2022-06-30,17,15
2022-06-30,18,4
2022-06-30,19,2
2022-06-30,20,10
2022-06-30,21,9
2022-06-30,22,1
2022-06-30,23,1
2022-07-01,0,0
2022-07-01,1,4
2022-07-01,2,0
2022-07-01,3,4
2022-07-01,4,0
2022-07-01,5,0
2022-07-01,6,8
2022-07-01,7,12
2022-07-01,8,26
2022-07-01,9,16
2022-07-01,10,16
2022-07-01,11,16
2022-07-01,12,16
2022-07-01,13,16
2022-07-01,14,21
2022-07-01,15,16
2022-07-01,16,16
2022-07-01,17,16
2022-07-01,18,8
2022-07-01,19,4
2022-07-01,20,4
2022-07-01,21,8
2022-07-01,22,13
2022-07-01,23,3
2022-07-02,0,2
2022-07-02,1,2
2022-07-02,2,1
2022-07-02,3,0
2022-07-02,4,0
2022-07-02,5,0
2022-07-02,6,12
2022-07-02,7,16
2022-07-02,8,26
2022-07-02,9,26
2022-07-02,10,16
2022-07-02,11,26
2022-07-02,12,16
2022-07-02,13,21
2022-07-02,14,16
2022-07-02,15,16
2022-07-02,16,16
2022-07-02,17,16
2022-07-02,18,25
2022-07-02,19,8
2022-07-02,20,8
2022-07-02,21,12
2022-07-02,22,1
2022-07-02,23,5
2022-07-03,0,1
2022-07-03,1,2
2022-07-03,2,3
2022-07-03,3,1
2022-07-03,4,0
2022-07-03,5,1
2022-07-03,6,12
2022-07-03,7,4
2022-07-03,8,25
2022-07-03,9,21
2022-07-03,10,16
2022-07-03,11,26
2022-07-03,12,16
2022-07-03,13,16
2022-07-03,14,16
2022-07-03,15,16
2022-07-03,16,16
2022-07-03,17,16
2022-07-03,18,16
2022-07-03,19,21
2022-07-03,20,16
2022-07-03,21,13
2022-07-03,22,12
2022-07-03,23,0
2022-07-04,0,0
2022-07-04,1,0
2022-07-04,2,1
2022-07-04,3,0
2022-07-04,4,1
2022-07-04,5,3
2022-07-04,6,7
2022-07-04,7,8
2022-07-04,8,14
2022-07-04,9,9
2022-07-04,10,10
2022-07-04,11,11
2022-07-04,12,14
2022-07-04,13,10
2022-07-04,14,5
2022-07-04,15,13
2022-07-04,16,12
2022-07-04,17,7
2022-07-04,18,7
2022-07-04,19,6
2022-07-04,20,5
2022-07-04,21,9
2022-07-04,22,5
2022-07-04,23,0
2022-07-05,0,0
2022-07-05,1,0
2022-07-05,2,0
2022-07-05,3,0
2022-07-05,4,0
2022-07-05,5,1
2022-07-05,6,6
2022-07-05,7,15
2022-07-05,8,20
2022-07-05,9,10
2022-07-05,10,7
2022-07-05,11,3
2022-07-05,12,9
2022-07-05,13,10
2022-07-05,14,9
2022-07-05,15,23
2022-07-05,16,20
2022-07-05,17,9
2022-07-05,18,11
2022-07-05,19,6
2022-07-05,20,7
2022-07-05,21,5
2022-07-05,22,2
2022-07-05,23,2
2022-07-06,0,0
2022-07-06,1,0
2022-07-06,2,0
2022-07-06,3,0
2022-07-06,4,0
2022-07-06,5,1
2022-07-06,6,6
2022-07-06,7,12
2022-07-06,8,14
2022-07-06,9,11
2022-07-06,10,16
2022-07-06,11,16
2022-07-06,12,16
2022-07-06,13,16
2022-07-06,14,21
2022-07-06,15,16
2022-07-06,16,30
2022-07-06,17,9
2022-07-06,18,7
2022-07-06,19,8
2022-07-06,20,4
2022-07-06,21,2
2022-07-06,22,0
2022-07-06,23,2
2022-07-07,0,0
2022-07-07,1,0
2022-07-07,2,0
2022-07-07,3,0
2022-07-07,4,0
2022-07-07,5,2
2022-07-07,6,9
2022-07-07,7,13
2022-07-07,8,9
2022-07-07,9,12
2022-07-07,10,10
2022-07-07,11,10
2022-07-07,12,13
2022-07-07,13,13
2022-07-07,14,27
2022-07-07,15,14
2022-07-07,16,20
2022-07-07,17,11
2022-07-07,18,9
2022-07-07,19,6
2022-07-07,20,7
2022-07-07,21,5
2022-07-07,22,1
2022-07-07,23,5
2022-07-08,0,4
2022-07-08,1,0
2022-07-08,2,0
2022-07-08,3,0
2022-07-08,4,2
2022-07-08,5,0
2022-07-08,6,1
2022-07-08,7,7
2022-07-08,8,9
2022-07-08,9,6
2022-07-08,10,10
2022-07-08,11,15
2022-07-08,12,8
2022-07-08,13,19
2022-07-08,14,16
2022-07-08,15,16
2022-07-08,16,18
2022-07-08,17,10
2022-07-08,18,7
2022-07-08,19,6
2022-07-08,20,4
2022-07-08,21,6
2022-07-08,22,2
2022-07-08,23,2
2022-07-09,0,1
2022-07-09,1,0
2022-07-09,2,1
2022-07-09,3,1
2022-07-09,4,0
2022-07-09,5,0
2022-07-09,6,8
2022-07-09,7,16
2022-07-09,8,26
2022-07-09,9,21
2022-07-09,10,16
2022-07-09,11,26
2022-07-09,12,16
2022-07-09,13,21
2022-07-09,14,16
2022-07-09,15,16
2022-07-09,16,16
2022-07-09,17,16
2022-07-09,18,18
2022-07-09,19,4
2022-07-09,20,8
2022-07-09,21,12
2022-07-09,22,6
2022-07-09,23,7
2022-07-10,0,1
2022-07-10,1,1
2022-07-10,2,1
2022-07-10,3,0
2022-07-10,4,0
2022-07-10,5,1
2022-07-10,6,1
2022-07-10,7,8
2022-07-10,8,24
2022-07-10,9,30
2022-07-10,10,21
2022-07-10,11,33
2022-07-10,12,16
2022-07-10,13,11
2022-07-10,14,5
2022-07-10,15,7
2022-07-10,16,5
2022-07-10,17,9
2022-07-10,18,11
2022-07-10,19,9
2022-07-10,20,5
2022-07-10,21,6
2022-07-10,22,2
2022-07-10,23,6
2022-07-11,0,0
2022-07-11,1,1
2022-07-11,2,1
2022-07-11,3,1
2022-07-11,4,0
2022-07-11,5,2
2022-07-11,6,8
2022-07-11,7,12
2022-07-11,8,25
2022-07-11,9,12
2022-07-11,10,16
2022-07-11,11,12
2022-07-11,12,16
2022-07-11,13,16
2022-07-11,14,21
2022-07-11,15,16
2022-07-11,16,16
2022-07-11,17,16
2022-07-11,18,8
2022-07-11,19,17
2022-07-11,20,0
2022-07-11,21,4
2022-07-11,22,5
2022-07-11,23,0
2022-07-12,0,0
2022-07-12,1,1
2022-07-12,2,0
2022-07-12,3,0
2022-07-12,4,2
2022-07-12,5,3
2022-07-12,6,0
2022-07-12,7,16
2022-07-12,8,26
2022-07-12,9,12
2022-07-12,10,16
2022-07-12,11,8
2022-07-12,12,16
2022-07-12,13,16
2022-07-12,14,21
2022-07-12,15,21
2022-07-12,16,16
2022-07-12,17,12
2022-07-12,18,12
2022-07-12,19,4
2022-07-12,20,9
2022-07-12,21,0
2022-07-12,22,1
2022-07-12,23,1
2022-07-13,0,0
2022-07-13,1,3
2022-07-13,2,0
2022-07-13,3,0
2022-07-13,4,0
2022-07-13,5,0
2022-07-13,6,4
2022-07-13,7,12
2022-07-13,8,22
2022-07-13,9,16
2022-07-13,10,16
2022-07-13,11,16
2022-07-13,12,16
2022-07-13,13,16
2022-07-13,14,12
2022-07-13,15,17
2022-07-13,16,17
2022-07-13,17,8
2022-07-13,18,5
2022-07-13,19,6
2022-07-13,20,3
2022-07-13,21,4
2022-07-13,22,0
2022-07-13,23,0
2022-07-14,0,0
2022-07-14,1,0
2022-07-14,2,0
2022-07-14,3,0
2022-07-14,4,0
2022-07-14,5,2
2022-07-14,6,8
2022-07-14,7,14
2022-07-14,8,17
2022-07-14,9,4
2022-07-14,10,10
2022-07-14,11,15
2022-07-14,12,12
2022-07-14,13,9
2022-07-14,14,16
2022-07-14,15,15
2022-07-14,16,21
2022-07-14,17,15
2022-07-14,18,8
2022-07-14,19,14
2022-07-14,20,2
2022-07-14,21,1
2022-07-14,22,7
2022-07-14,23,2
2022-07-15,0,3
2022-07-15,1,0
2022-07-15,2,0
2022-07-15,3,1
2022-07-15,4,0
2022-07-15,5,2
2022-07-15,6,2
2022-07-15,7,12
2022-07-15,8,26
2022-07-15,9,16
2022-07-15,10,16
2022-07-15,11,16
2022-07-15,12,16
2022-07-15,13,16
2022-07-15,14,21
2022-07-15,15,16
2022-07-15,16,16
2022-07-15,17,16
2022-07-15,18,8
2022-07-15,19,4
2022-07-15,20,4
2022-07-15,21,4
2022-07-15,22,19
2022-07-15,23,5
2022-07-16,0,2
2022-07-16,1,0
2022-07-16,2,1
2022-07-16,3,1
2022-07-16,4,0
2022-07-16,5,3
2022-07-16,6,12
2022-07-16,7,16
2022-07-16,8,21
2022-07-16,9,21
2022-07-16,10,16
2022-07-16,11,21
2022-07-16,12,16
2022-07-16,13,21
2022-07-16,14,16
2022-07-16,15,16
2022-07-16,16,16
2022-07-16,17,16
2022-07-16,18,25
2022-07-16,19,8
2022-07-16,20,8
2022-07-16,21,8
2022-07-16,22,5
2022-07-16,23,3
2022-07-17,0,2
2022-07-17,1,0
2022-07-17,2,2
2022-07-17,3,0
2022-07-17,4,2
2022-07-17,5,1
2022-07-17,6,4
2022-07-17,7,4
2022-07-17,8,30
2022-07-17,9,44
2022-07-17,10,21
2022-07-17,11,40
2022-07-17,12,31
2022-07-17,13,21
2022-07-17,14,21
2022-07-17,15,16
2022-07-17,16,16
2022-07-17,17,16
2022-07-17,18,16
2022-07-17,19,16
2022-07-17,20,16
2022-07-17,21,9
2022-07-17,22,12
2022-07-17,23,0
2022-07-18,0,22
2022-07-18,1,13
2022-07-18,2,4
2022-07-18,3,4
2022-07-18,4,4
2022-07-18,5,4
2022-07-18,6,12
2022-07-18,7,12
2022-07-18,8,25
2022-07-18,9,12
2022-07-18,10,8
2022-07-18,11,12
2022-07-18,12,16
2022-07-18,13,16
2022-07-18,14,21
2022-07-18,15,16
2022-07-18,16,16
2022-07-18,17,16
2022-07-18,18,12
2022-07-18,19,12
2022-07-18,20,4
2022-07-18,21,9
2022-07-18,22,5
2022-07-18,23,0
2022-07-19,0,0
2022-07-19,1,2
2022-07-19,2,0
2022-07-19,3,0
2022-07-19,4,1
2022-07-19,5,4
2022-07-19,6,8
2022-07-19,7,7
2022-07-19,8,19
2022-07-19,9,11
2022-07-19,10,13
2022-07-19,11,10
2022-07-19,12,13
2022-07-19,13,10
2022-07-19,14,6
2022-07-19,15,18
2022-07-19,16,21
2022-07-19,17,10
2022-07-19,18,8
2022-07-19,19,8
2022-07-19,20,8
2022-07-19,21,4
2022-07-19,22,5
2022-07-19,23,3
2022-07-20,0,0
2022-07-20,1,1
2022-07-20,2,0
2022-07-20,3,2
2022-07-20,4,2
2022-07-20,5,3
2022-07-20,6,6
2022-07-20,7,10
2022-07-20,8,11
2022-07-20,9,11
2022-07-20,10,7
2022-07-20,11,15
2022-07-20,12,11
2022-07-20,13,15
2022-07-20,14,13
2022-07-20,15,18
2022-07-20,16,15
2022-07-20,17,12
2022-07-20,18,12
2022-07-20,19,9
2022-07-20,20,8
2022-07-20,21,7
2022-07-20,22,4
2022-07-20,23,1
2022-07-21,0,0
2022-07-21,1,2
2022-07-21,2,0
2022-07-21,3,0
2022-07-21,4,0
2022-07-21,5,4
2022-07-21,6,12
2022-07-21,7,12
2022-07-21,8,12
2022-07-21,9,8
2022-07-21,10,15
2022-07-21,11,13
2022-07-21,12,9
2022-07-21,13,5
2022-07-21,14,11
2022-07-21,15,21
2022-07-21,16,23
2022-07-21,17,8
2022-07-21,18,9
2022-07-21,19,10
2022-07-21,20,8
2022-07-21,21,8
2022-07-21,22,3
2022-07-21,23,4
2022-07-22,0,0
2022-07-22,1,0
2022-07-22,2,1
2022-07-22,3,0
2022-07-22,4,1
2022-07-22,5,1
2022-07-22,6,8
2022-07-22,7,21
2022-07-22,8,26
2022-07-22,9,16
2022-07-22,10,16
2022-07-22,11,16
2022-07-22,12,16
2022-07-22,13,16
2022-07-22,14,22
2022-07-22,15,22
2022-07-22,16,47
2022-07-22,17,13
2022-07-22,18,19
2022-07-22,19,15
2022-07-22,20,7
2022-07-22,21,13
2022-07-22,22,7
2022-07-22,23,2
2022-07-23,0,0
2022-07-23,1,2
2022-07-23,2,0
2022-07-23,3,0
2022-07-23,4,0
2022-07-23,5,0
2022-07-23,6,12
2022-07-23,7,16
2022-07-23,8,26
2022-07-23,9,26
2022-07-23,10,16
2022-07-23,11,36
2022-07-23,12,16
2022-07-23,13,25
2022-07-23,14,16
2022-07-23,15,16
2022-07-23,16,16
2022-07-23,17,16
2022-07-23,18,25
2022-07-23,19,12
2022-07-23,20,8
2022-07-23,21,12
2022-07-23,22,11
2022-07-23,23,9
2022-07-24,0,1
2022-07-24,1,2
2022-07-24,2,0
2022-07-24,3,0
2022-07-24,4,0
2022-07-24,5,0
2022-07-24,6,0
2022-07-24,7,8
2022-07-24,8,25
2022-07-24,9,35
2022-07-24,10,16
2022-07-24,11,35
2022-07-24,12,16
2022-07-24,13,54
2022-07-24,14,11
2022-07-24,15,11
2022-07-24,16,16
2022-07-24,17,32
2022-07-24,18,10
2022-07-24,19,6
2022-07-24,20,8
2022-07-24,21,4
2022-07-24,22,8
2022-07-24,23,3
2022-07-25,0,2
2022-07-25,1,2
2022-07-25,2,0
2022-07-25,3,0
2022-07-25,4,0
2022-07-25,5,2
2022-07-25,6,6
2022-07-25,7,13
2022-07-25,8,9
2022-07-25,9,12
2022-07-25,10,15
2022-07-25,11,10
2022-07-25,12,20
2022-07-25,13,15
2022-07-25,14,11
2022-07-25,15,23
2022-07-25,16,15
2022-07-25,17,12
2022-07-25,18,3
2022-07-25,19,7
2022-07-25,20,7
2022-07-25,21,13
2022-07-25,22,4
2022-07-25,23,0
2022-07-26,0,1
2022-07-26,1,1
2022-07-26,2,0
2022-07-26,3,0
2022-07-26,4,0
2022-07-26,5,1
2022-07-26,6,3
2022-07-26,7,13
2022-07-26,8,11
2022-07-26,9,12
2022-07-26,10,6
2022-07-26,11,17
2022-07-26,12,12
2022-07-26,13,11
2022-07-26,14,14
2022-07-26,15,15
2022-07-26,16,20
2022-07-26,17,18
2022-07-26,18,13
2022-07-26,19,10
2022-07-26,20,5
2022-07-26,21,5
2022-07-26,22,4
2022-07-26,23,3
2022-07-27,0,0
2022-07-27,1,0
2022-07-27,2,0
2022-07-27,3,0
2022-07-27,4,1
2022-07-27,5,1
2022-07-27,6,7
2022-07-27,7,20
2022-07-27,8,8
2022-07-27,9,8
2022-07-27,10,12
2022-07-27,11,8
2022-07-27,12,14
2022-07-27,13,19
2022-07-27,14,9
2022-07-27,15,15
2022-07-27,16,26
2022-07-27,17,12
2022-07-27,18,9
2022-07-27,19,9
2022-07-27,20,5
2022-07-27,21,5
2022-07-27,22,2
2022-07-27,23,3
2022-07-28,0,0
2022-07-28,1,0
2022-07-28,2,0
2022-07-28,3,0
2022-07-28,4,1
2022-07-28,5,2
2022-07-28,6,5
2022-07-28,7,8
2022-07-28,8,21
2022-07-28,9,12
2022-07-28,10,16
2022-07-28,11,12
2022-07-28,12,14
2022-07-28,13,16
2022-07-28,14,13
2022-07-28,15,24
2022-07-28,16,45
2022-07-28,17,26
2022-07-28,18,13
2022-07-28,19,7
2022-07-28,20,5
2022-07-28,21,1
2022-07-28,22,0
2022-07-28,23,3
2022-07-29,0,1
2022-07-29,1,0
2022-07-29,2,0
2022-07-29,3,0
2022-07-29,4,1
2022-07-29,5,3
2022-07-29,6,10
2022-07-29,7,17
2022-07-29,8,26
2022-07-29,9,16
2022-07-29,10,16
2022-07-29,11,16
2022-07-29,12,16
2022-07-29,13,16
2022-07-29,14,21
2022-07-29,15,16
2022-07-29,16,30
2022-07-29,17,21
2022-07-29,18,16
2022-07-29,19,10
2022-07-29,20,3
2022-07-29,21,9
2022-07-29,22,4
2022-07-29,23,4
2022-07-30,0,2
2022-07-30,1,5
2022-07-30,2,0
2022-07-30,3,0
2022-07-30,4,0
2022-07-30,5,0
2022-07-30,6,8
2022-07-30,7,16
2022-07-30,8,26
2022-07-30,9,26
2022-07-30,10,16
2022-07-30,11,31
2022-07-30,12,16
2022-07-30,13,23
2022-07-30,14,16
2022-07-30,15,16
2022-07-30,16,16
2022-07-30,17,16
2022-07-30,18,25
2022-07-30,19,12
2022-07-30,20,12
2022-07-30,21,16
2022-07-30,22,11
2022-07-30,23,2
2022-07-31,0,1
2022-07-31,1,3
2022-07-31,2,0
2022-07-31,3,1
2022-07-31,4,0
2022-07-31,5,0
2022-07-31,6,1
2022-07-31,7,1
2022-07-31,8,10
2022-07-31,9,12
2022-07-31,10,9
2022-07-31,11,6
2022-07-31,12,10
2022-07-31,13,9
2022-07-31,14,14
2022-07-31,15,12
2022-07-31,16,7
2022-07-31,17,7
2022-07-31,18,11
2022-07-31,19,7
2022-07-31,20,11
2022-07-31,21,5
2022-07-31,22,13
2022-07-31,23,0
2022-08-01,0,1
2022-08-01,1,0
2022-08-01,2,0
2022-08-01,3,1
2022-08-01,4,0
2022-08-01,5,3
2022-08-01,6,12
2022-08-01,7,17
2022-08-01,8,21
2022-08-01,9,12
2022-08-01,10,16
2022-08-01,11,16
2022-08-01,12,16
2022-08-01,13,16
2022-08-01,14,21
2022-08-01,15,16
2022-08-01,16,18
2022-08-01,17,12
2022-08-01,18,3
2022-08-01,19,9
2022-08-01,20,14
2022-08-01,21,11
2022-08-01,22,4
2022-08-01,23,0
2022-08-02,0,1
2022-08-02,1,12
2022-08-02,2,0
2022-08-02,3,0
2022-08-02,4,0
2022-08-02,5,1
2022-08-02,6,0
2022-08-02,7,16
2022-08-02,8,21
2022-08-02,9,16
2022-08-02,10,16
2022-08-02,11,16
2022-08-02,12,16
2022-08-02,13,16
2022-08-02,14,19
2022-08-02,15,12
2022-08-02,16,27
2022-08-02,17,13
2022-08-02,18,10
2022-08-02,19,5
2022-08-02,20,11
2022-08-02,21,10
2022-08-02,22,3
2022-08-02,23,3
2022-08-03,0,0
2022-08-03,1,1
2022-08-03,2,0
2022-08-03,3,0
2022-08-03,4,1
2022-08-03,5,3
2022-08-03,6,2
2022-08-03,7,13
2022-08-03,8,26
2022-08-03,9,12
2022-08-03,10,16
2022-08-03,11,16
2022-08-03,12,16
2022-08-03,13,16
2022-08-03,14,21
2022-08-03,15,16
2022-08-03,16,35
2022-08-03,17,16
2022-08-03,18,16
2022-08-03,19,12
2022-08-03,20,4
2022-08-03,21,16
2022-08-03,22,4
2022-08-03,23,3
2022-08-04,0,2
2022-08-04,1,0
2022-08-04,2,1
2022-08-04,3,0
2022-08-04,4,0
2022-08-04,5,2
2022-08-04,6,4
2022-08-04,7,17
2022-08-04,8,15
2022-08-04,9,7
2022-08-04,10,17
2022-08-04,11,18
2022-08-04,12,9
2022-08-04,13,9
2022-08-04,14,18
2022-08-04,15,18
2022-08-04,16,13
2022-08-04,17,34
2022-08-04,18,12
2022-08-04,19,9
2022-08-04,20,9
2022-08-04,21,4
2022-08-04,22,4
2022-08-04,23,1
2022-08-05,0,0
2022-08-05,1,0
2022-08-05,2,1
2022-08-05,3,0
2022-08-05,4,0
2022-08-05,5,1
2022-08-05,6,6
2022-08-05,7,10
2022-08-05,8,10
2022-08-05,9,6
2022-08-05,10,8
2022-08-05,11,10
2022-08-05,12,27
2022-08-05,13,9
2022-08-05,14,14
2022-08-05,15,15
2022-08-05,16,14
2022-08-05,17,14
2022-08-05,18,15
2022-08-05,19,10
2022-08-05,20,14
2022-08-05,21,1
2022-08-05,22,14
2022-08-05,23,7
2022-08-06,0,3
2022-08-06,1,0
2022-08-06,2,0
2022-08-06,3,1
2022-08-06,4,0
2022-08-06,5,3
2022-08-06,6,12
2022-08-06,7,16
2022-08-06,8,26
2022-08-06,9,21
2022-08-06,10,21
2022-08-06,11,31
2022-08-06,12,16
2022-08-06,13,21
2022-08-06,14,16
2022-08-06,15,16
2022-08-06,16,16
2022-08-06,17,16
2022-08-06,18,25
2022-08-06,19,12
2022-08-06,20,8
2022-08-06,21,12
2022-08-06,22,10
2022-08-06,23,5
2022-08-07,0,1
2022-08-07,1,3
2022-08-07,2,1
2022-08-07,3,0
2022-08-07,4,1
2022-08-07,5,0
2022-08-07,6,4
2022-08-07,7,4
2022-08-07,8,25
2022-08-07,9,26
2022-08-07,10,16
2022-08-07,11,21
2022-08-07,12,16
2022-08-07,13,34
2022-08-07,14,16
2022-08-07,15,16
2022-08-07,16,16
2022-08-07,17,21
2022-08-07,18,16
2022-08-07,19,16
2022-08-07,20,16
2022-08-07,21,4
2022-08-07,22,10
2022-08-07,23,5
2022-08-08,0,2
2022-08-08,1,0
2022-08-08,2,2
2022-08-08,3,0
2022-08-08,4,0
2022-08-08,5,4
2022-08-08,6,12
2022-08-08,7,12
2022-08-08,8,21
2022-08-08,9,12
2022-08-08,10,16
2022-08-08,11,16
2022-08-08,12,16
2022-08-08,13,16
2022-08-08,14,21
2022-08-08,15,16
2022-08-08,16,22
2022-08-08,17,12
2022-08-08,18,4
2022-08-08,19,7
2022-08-08,20,4
2022-08-08,21,9
2022-08-08,22,8
2022-08-08,23,0
2022-08-09,0,1
2022-08-09,1,0
2022-08-09,2,0
2022-08-09,3,1
2022-08-09,4,0
2022-08-09,5,3
2022-08-09,6,7
2022-08-09,7,15
2022-08-09,8,13
2022-08-09,9,13
2022-08-09,10,12
2022-08-09,11,16
2022-08-09,12,16
2022-08-09,13,16
2022-08-09,14,21
2022-08-09,15,16
2022-08-09,16,21
2022-08-09,17,16
2022-08-09,18,13
2022-08-09,19,4
2022-08-09,20,13
2022-08-09,21,8
2022-08-09,22,12
2022-08-09,23,0
2022-08-10,0,0
2022-08-10,1,0
2022-08-10,2,0
2022-08-10,3,3
2022-08-10,4,0
2022-08-10,5,2
2022-08-10,6,3
2022-08-10,7,12
2022-08-10,8,26
2022-08-10,9,16
2022-08-10,10,16
2022-08-10,11,16
2022-08-10,12,16
2022-08-10,13,7
2022-08-10,14,14
2022-08-10,15,17
2022-08-10,16,15
2022-08-10,17,10
2022-08-10,18,6
2022-08-10,19,3
2022-08-10,20,4
2022-08-10,21,4
2022-08-10,22,4
2022-08-10,23,1
2022-08-11,0,1
2022-08-11,1,0
2022-08-11,2,0
2022-08-11,3,1
2022-08-11,4,2
2022-08-11,5,2
2022-08-11,6,4
2022-08-11,7,10
2022-08-11,8,5
2022-08-11,9,4
2022-08-11,10,18
2022-08-11,11,12
2022-08-11,12,13
2022-08-11,13,11
2022-08-11,14,10
2022-08-11,15,21
2022-08-11,16,20
2022-08-11,17,20
2022-08-11,18,13
2022-08-11,19,11
2022-08-11,20,5
2022-08-11,21,6
2022-08-11,22,6
2022-08-11,23,1
2022-08-12,0,2
2022-08-12,1,1
2022-08-12,2,1
2022-08-12,3,0
2022-08-12,4,2
2022-08-12,5,2
2022-08-12,6,4
2022-08-12,7,14
2022-08-12,8,15
2022-08-12,9,8
2022-08-12,10,13
2022-08-12,11,19
2022-08-12,12,15
2022-08-12,13,18
2022-08-12,14,13
2022-08-12,15,10
2022-08-12,16,17
2022-08-12,17,11
2022-08-12,18,6
2022-08-12,19,8
2022-08-12,20,12
2022-08-12,21,12
2022-08-12,22,5
2022-08-12,23,3
2022-08-13,0,1
2022-08-13,1,0
2022-08-13,2,2
2022-08-13,3,0
2022-08-13,4,0
2022-08-13,5,0
2022-08-13,6,11
2022-08-13,7,16
2022-08-13,8,26
2022-08-13,9,30
2022-08-13,10,16
2022-08-13,11,26
2022-08-13,12,21
2022-08-13,13,21
2022-08-13,14,16
2022-08-13,15,16
2022-08-13,16,16
2022-08-13,17,16
2022-08-13,18,25
2022-08-13,19,12
2022-08-13,20,16
2022-08-13,21,12
2022-08-13,22,8
2022-08-13,23,2
2022-08-14,0,0
2022-08-14,1,1
2022-08-14,2,1
2022-08-14,3,0
2022-08-14,4,1
2022-08-14,5,1
2022-08-14,6,1
2022-08-14,7,8
2022-08-14,8,25
2022-08-14,9,26
2022-08-14,10,16
2022-08-14,11,21
2022-08-14,12,16
2022-08-14,13,43
2022-08-14,14,16
2022-08-14,15,16
2022-08-14,16,16
2022-08-14,17,25
2022-08-14,18,16
2022-08-14,19,16
2022-08-14,20,12
2022-08-14,21,4
2022-08-14,22,12
2022-08-14,23,0
2022-08-15,0,2
2022-08-15,1,16
2022-08-15,2,0
2022-08-15,3,0
2022-08-15,4,3
2022-08-15,5,4
2022-08-15,6,9
2022-08-15,7,12
2022-08-15,8,30
2022-08-15,9,12
2022-08-15,10,12
2022-08-15,11,7
2022-08-15,12,10
2022-08-15,13,12
2022-08-15,14,16
2022-08-15,15,20
2022-08-15,16,16
2022-08-15,17,28
2022-08-15,18,11
2022-08-15,19,6
2022-08-15,20,16
2022-08-15,21,2
2022-08-15,22,8
2022-08-15,23,1
2022-08-16,0,29
2022-08-16,1,0
2022-08-16,2,2
2022-08-16,3,0
2022-08-16,4,0
2022-08-16,5,2
2022-08-16,6,8
2022-08-16,7,18
2022-08-16,8,10
2022-08-16,9,13
2022-08-16,10,15
2022-08-16,11,17
2022-08-16,12,17
2022-08-16,13,9
2022-08-16,14,25
2022-08-16,15,10
2022-08-16,16,16
2022-08-16,17,5
2022-08-16,18,13
2022-08-16,19,9
2022-08-16,20,13
2022-08-16,21,5
2022-08-16,22,5
2022-08-16,23,2
2022-08-17,0,1
2022-08-17,1,1
2022-08-17,2,1
2022-08-17,3,0
2022-08-17,4,1
2022-08-17,5,4
2022-08-17,6,2
2022-08-17,7,21
2022-08-17,8,17
2022-08-17,9,19
2022-08-17,10,19
2022-08-17,11,19
2022-08-17,12,4
2022-08-17,13,15
2022-08-17,14,33
2022-08-17,15,25
2022-08-17,16,21
2022-08-17,17,22
2022-08-17,18,11
2022-08-17,19,10
2022-08-17,20,4
2022-08-17,21,7
2022-08-17,22,0
2022-08-17,23,2
2022-08-18,0,0
2022-08-18,1,1
2022-08-18,2,2
2022-08-18,3,0
2022-08-18,4,1
2022-08-18,5,1
2022-08-18,6,6
2022-08-18,7,32
2022-08-18,8,19
2022-08-18,9,12
2022-08-18,10,13
2022-08-18,11,12
2022-08-18,12,15
2022-08-18,13,9
2022-08-18,14,23
2022-08-18,15,14
2022-08-18,16,28
2022-08-18,17,33
2022-08-18,18,19
2022-08-18,19,13
2022-08-18,20,10
2022-08-18,21,2
2022-08-18,22,0
2022-08-18,23,0
2022-08-19,0,0
2022-08-19,1,0
2022-08-19,2,0
2022-08-19,3,0
2022-08-19,4,0
2022-08-19,5,0
2022-08-19,6,7
2022-08-19,7,29
2022-08-19,8,23
2022-08-19,9,13
2022-08-19,10,12
2022-08-19,11,10
2022-08-19,12,15
2022-08-19,13,16
2022-08-19,14,22
2022-08-19,15,18
2022-08-19,16,18
2022-08-19,17,17
2022-08-19,18,14
2022-08-19,19,12
2022-08-19,20,4
2022-08-19,21,10
2022-08-19,22,6
2022-08-19,23,0
2022-08-20,0,0
2022-08-20,1,0
2022-08-20,2,1
2022-08-20,3,1
2022-08-20,4,1
2022-08-20,5,9
2022-08-20,6,10
2022-08-20,7,10
2022-08-20,8,5
2022-08-20,9,20
2022-08-20,10,17
2022-08-20,11,14
2022-08-20,12,8
2022-08-20,13,17
2022-08-20,14,17
2022-08-20,15,13
2022-08-20,16,12
2022-08-20,17,12
2022-08-20,18,18
2022-08-20,19,8
2022-08-20,20,3
2022-08-20,21,4
2022-08-20,22,5
2022-08-20,23,2
2022-08-21,0,0
2022-08-21,1,1
2022-08-21,2,1
2022-08-21,3,0
2022-08-21,4,4
2022-08-21,5,1
2022-08-21,6,7
2022-08-21,7,4
2022-08-21,8,25
2022-08-21,9,26
2022-08-21,10,16
2022-08-21,11,21
2022-08-21,12,16
2022-08-21,13,42
2022-08-21,14,16
2022-08-21,15,12
2022-08-21,16,21
2022-08-21,17,25
2022-08-21,18,16
2022-08-21,19,16
2022-08-21,20,16
2022-08-21,21,9
2022-08-21,22,8
2022-08-21,23,0
2022-08-22,0,13
2022-08-22,1,8
2022-08-22,2,0
2022-08-22,3,4
2022-08-22,4,17
2022-08-22,5,4
2022-08-22,6,12
2022-08-22,7,22
2022-08-22,8,23
2022-08-22,9,8
2022-08-22,10,10
2022-08-22,11,11
2022-08-22,12,11
2022-08-22,13,14
2022-08-22,14,22
2022-08-22,15,24
2022-08-22,16,42
2022-08-22,17,21
2022-08-22,18,15
2022-08-22,19,9
2022-08-22,20,8
2022-08-22,21,9
2022-08-22,22,4
2022-08-22,23,1
2022-08-23,0,1
2022-08-23,1,2
2022-08-23,2,0
2022-08-23,3,0
2022-08-23,4,0
2022-08-23,5,3
2022-08-23,6,1
2022-08-23,7,28
2022-08-23,8,29
2022-08-23,9,14
2022-08-23,10,16
2022-08-23,11,16
2022-08-23,12,16
2022-08-23,13,16
2022-08-23,14,24
2022-08-23,15,28
2022-08-23,16,30
2022-08-23,17,20
2022-08-23,18,9
2022-08-23,19,9
2022-08-23,20,5
2022-08-23,21,0
2022-08-23,22,4
2022-08-23,23,2
2022-08-24,0,1
2022-08-24,1,0
2022-08-24,2,0
2022-08-24,3,0
2022-08-24,4,0
2022-08-24,5,1
2022-08-24,6,7
2022-08-24,7,23
2022-08-24,8,36
2022-08-24,9,10
2022-08-24,10,13
2022-08-24,11,15
2022-08-24,12,13
2022-08-24,13,15
2022-08-24,14,23
2022-08-24,15,25
2022-08-24,16,26
2022-08-24,17,10
2022-08-24,18,11
2022-08-24,19,5
2022-08-24,20,5
2022-08-24,21,10
2022-08-24,22,0
2022-08-24,23,1
2022-08-25,0,0
2022-08-25,1,0
2022-08-25,2,1
2022-08-25,3,1
2022-08-25,4,0
2022-08-25,5,6
2022-08-25,6,3
2022-08-25,7,17
2022-08-25,8,27
2022-08-25,9,15
2022-08-25,10,8
2022-08-25,11,10
2022-08-25,12,13
2022-08-25,13,7
2022-08-25,14,24
2022-08-25,15,26
2022-08-25,16,25
2022-08-25,17,16
2022-08-25,18,21
2022-08-25,19,8
2022-08-25,20,2
2022-08-25,21,3
2022-08-25,22,0
2022-08-25,23,0
2022-08-26,0,0
2022-08-26,1,1
2022-08-26,2,0
2022-08-26,3,1
2022-08-26,4,2
2022-08-26,5,4
2022-08-26,6,8
2022-08-26,7,17
2022-08-26,8,31
2022-08-26,9,8
2022-08-26,10,11
2022-08-26,11,21
2022-08-26,12,19
2022-08-26,13,31
2022-08-26,14,40
2022-08-26,15,13
2022-08-26,16,15
2022-08-26,17,23
2022-08-26,18,14
2022-08-26,19,6
2022-08-26,20,11
2022-08-26,21,8
2022-08-26,22,8
2022-08-26,23,2
2022-08-27,0,3
2022-08-27,1,1
2022-08-27,2,1
2022-08-27,3,0
2022-08-27,4,0
2022-08-27,5,0
2022-08-27,6,12
2022-08-27,7,16
2022-08-27,8,26
2022-08-27,9,21
2022-08-27,10,16
2022-08-27,11,26
2022-08-27,12,16
2022-08-27,13,21
2022-08-27,14,16
2022-08-27,15,16
2022-08-27,16,16
2022-08-27,17,16
2022-08-27,18,25
2022-08-27,19,12
2022-08-27,20,12
2022-08-27,21,8
2022-08-27,22,9
2022-08-27,23,1
2022-08-28,0,3
2022-08-28,1,2
2022-08-28,2,0
2022-08-28,3,1
2022-08-28,4,1
2022-08-28,5,0
2022-08-28,6,0
2022-08-28,7,8
2022-08-28,8,25
2022-08-28,9,26
2022-08-28,10,16
2022-08-28,11,21
2022-08-28,12,16
2022-08-28,13,42
2022-08-28,14,16
2022-08-28,15,16
2022-08-28,16,21
2022-08-28,17,25
2022-08-28,18,16
2022-08-28,19,12
2022-08-28,20,15
2022-08-28,21,12
2022-08-28,22,15
2022-08-28,23,1
2022-08-29,0,1
2022-08-29,1,1
2022-08-29,2,0
2022-08-29,3,0
2022-08-29,4,0
2022-08-29,5,5
2022-08-29,6,3
2022-08-29,7,17
2022-08-29,8,13
2022-08-29,9,10
2022-08-29,10,20
2022-08-29,11,12
2022-08-29,12,15
2022-08-29,13,12
2022-08-29,14,19
2022-08-29,15,15
2022-08-29,16,20
2022-08-29,17,7
2022-08-29,18,14
2022-08-29,19,8
2022-08-29,20,17
2022-08-29,21,4
2022-08-29,22,1
2022-08-29,23,0
2022-08-30,0,0
2022-08-30,1,0
2022-08-30,2,0
2022-08-30,3,0
2022-08-30,4,0
2022-08-30,5,2
2022-08-30,6,6
2022-08-30,7,26
2022-08-30,8,26
2022-08-30,9,16
2022-08-30,10,8
2022-08-30,11,17
2022-08-30,12,14
2022-08-30,13,8
2022-08-30,14,22
2022-08-30,15,19
2022-08-30,16,29
2022-08-30,17,19
2022-08-30,18,14
2022-08-30,19,13
2022-08-30,20,6
2022-08-30,21,5
2022-08-30,22,4
2022-08-30,23,4
2022-08-31,0,0
2022-08-31,1,0
2022-08-31,2,1
2022-08-31,3,0
2022-08-31,4,0
2022-08-31,5,4
2022-08-31,6,6
2022-08-31,7,29
2022-08-31,8,29
2022-08-31,9,9
2022-08-31,10,12
2022-08-31,11,16
2022-08-31,12,12
2022-08-31,13,16
2022-08-31,14,29
2022-08-31,15,17
2022-08-31,16,18
2022-08-31,17,16
2022-08-31,18,5
2022-08-31,19,8
2022-08-31,20,5
2022-08-31,21,0
2022-08-31,22,4
2022-08-31,23,4
